342
t_index    tf-idf
9          0.02673277530331481
10         0.02342378564064889
77         0.022964539686726234
142        0.03368470721613297
146        0.04809089522420871
156        0.06176440862502541
159        0.06998677848621201
237        0.06392717479600833
265        0.05354203876383881
330        0.02500778472342839
331        0.037097299041465595
452        0.06176440862502541
476        0.027260078656902408
518        0.035700112830944236
527        0.04437017251048483
546        0.04582452689055909
617        0.027046336437725863
618        0.02964050914074054
620        0.04635183024414669
674        0.06392717479600833
687        0.06998677848621201
736        0.028155777350408445
789        0.03212389948428488
825        0.03350079078442715
898        0.03840217060537095
931        0.025838952231952466
1037       0.04307480986269834
1064       0.0768043412107419
1085       0.050895026898967737
1099       0.022964539686726234
1105       0.04419234732040951
1117       0.03685270538169197
1124       0.06998677848621201
1128       0.13997355697242403
1241       0.026427289608874326
1266       0.029572650228890083
1319       0.042574124019409014
1380       0.02252241252836778
1386       0.016919961169174887
1435       0.048732260727984825
1439       0.03296555538626243
1507       0.04231483461399855
1598       0.06176440862502541
1607       0.0316461555018355
1624       0.05259254237167143
1662       0.04154205220829271
1666       0.06392717479600833
1763       0.06392717479600833
1820       0.06998677848621201
1863       0.06392717479600833
1911       0.048732260727984825
1925       0.04154205220829271
1938       0.023115654752257627
1966       0.04228369195432568
2026       0.06998677848621201
2028       0.06392717479600833
2034       0.3323364176663417
2052       0.055704804934821724
2114       0.04084406429522801
2186       0.0627069080866862
2205       0.05354203876383881
2389       0.05326014028065026
2429       0.11083079180045126
2462       0.05993581588247229
2466       0.03031854352139136
2533       0.06392717479600833
2570       0.03685270538169197
2617       0.028752001943194733
2632       0.05354203876383881
2656       0.021287062009704507
2657       0.09496487014727023
2670       0.04635183024414669
2724       0.030600994299069453
2739       0.02439932457285479
2802       0.04118187293533078
2861       0.0327923789935185
2866       0.04228369195432568
2880       0.0665741866608794
2939       0.057438125145193746
3030       0.07625892076592018
3110       0.06035960148836867
3163       0.03118690954791284
3169       0.026940892434791027
3196       0.02792543278811161
3197       0.03896715225074099
3250       0.026528246577590255
3259       0.06392717479600833
3320       0.0398685253630221
3421       0.0665741866608794
3473       0.05993581588247229
3527       0.02500778472342839
3534       0.02781191639818742
3551       0.03840217060537095
3575       0.04635183024414669
3621       0.026940892434791027
3661       0.046537439486732744
3706       0.035700112830944236
3716       0.010391637743608299
3737       0.06756723758510333
3750       0.01958954653700081
3758       0.03734704241793528
3832       0.041187925247449034
3889       0.04635183024414669
3928       0.055704804934821724
3931       0.018666149984236165
3932       0.043922482692130844
3955       0.034852440001511734
3957       0.028752001943194733
4010       0.07370541076338394
4109       0.06392717479600833
4207       0.08381415415463915
4235       0.019760231096477916
4312       0.05259254237167143
4370       0.016134664569824996
4374       0.05259254237167143
4410       0.04307480986269834
4412       0.054520157313804815
4496       0.03445028717659453
4515       0.038681298124245096
4637       0.024743185525075824
4678       0.04228369195432568
4685       0.02990709052177348
4710       0.03031854352139136
4764       0.029379787168185883
4773       0.048732260727984825
4895       0.03425421044426143
4922       0.047482435073635115
4930       0.06176440862502541
4943       0.043922482692130844
4951       0.01942128311687757
5124       0.011005575784938713
5154       0.06998677848621201
5187       0.04582452689055909
5194       0.032287521005611615
5196       0.04050989086679822
5221       0.040184874036448
5263       0.06929931894012187
5266       0.03840217060537095
5277       0.0665741866608794
5282       0.01303214789704059
5294       0.02071450396232492
5397       0.026940892434791027
5431       0.057766119325713065
5625       0.03387152008839111
5654       0.04307480986269834
5657       0.022307378744899787
5735       0.013632058589786028
5884       0.07912078894926168
5948       0.027477742969757624
6036       0.05259254237167143
6039       0.06998677848621201
6113       0.03031854352139136
6114       0.030600994299069453
6147       0.022594965489849517
6189       0.017694625143540647
6246       0.06998677848621201
6285       0.04437017251048483
6292       0.04422650947661889
6361       0.046915813811096274
6410       0.05354203876383881
6414       0.04582452689055909
6615       0.13186222154504973
6616       0.14741082152676788
6704       0.025838952231952466
6717       0.050895026898967737
6733       0.06176440862502541
6759       0.01914604171506458
6883       0.047482435073635115
6896       0.035482448518089016
6910       0.06998677848621201
6921       0.06736941443226593
6944       0.0545742001053333
6969       0.04809089522420871
7075       0.05695463058917144
7188       0.03318148281885513
7225       0.043491076160099076
7228       0.01766451121262753
7345       0.06998677848621201
7359       0.035921845870377875
7391       0.03133802461344423
7418       0.036378147211595054
7442       0.06998677848621201
7465       0.019646168946289396
7569       0.013632058589786028
7576       0.0665741866608794
7580       0.08301892638325262
7587       0.023115654752257627
7622       0.019310419018126662
7800       0.031277209207397516
7824       0.03926006521244851
7826       0.06998677848621201
7857       0.04941029510863564
7881       0.02005027909688106
7897       0.0685031370313711
7993       0.0545742001053333
8010       0.038681298124245096
8032       0.016696557725989547
8115       0.01920058145354536
8237       0.05074004541666071
8258       0.02071450396232492
8288       0.06607979829038259
8289       0.04084406429522801
8301       0.029379787168185883
8365       0.04437017251048483
8407       0.05259254237167143
8458       0.0245700091323319
8461       0.08301892638325262
8493       0.0545742001053333
8503       0.01953319311879429
8582       0.034852440001511734
8619       0.06392717479600833
8630       0.022667964933903644
8632       0.06392717479600833
8643       0.08698215232019815
8693       0.02673277530331481
8749       0.023832649683411027
8756       0.041187925247449034
8887       0.06176440862502541
8895       0.051713446021285685
9008       0.0763870120648391
9009       0.013064692148517899
9010       0.009394212509579253
9043       0.09401407384033271
9084       0.02200661406489012
9109       0.03661305334757743
9114       0.016696557725989547
9119       0.022741416389778772
9308       0.03149108960455298
9359       0.10342689204257137
9375       0.046903667985431705
9407       0.01800554745422131
9409       0.021029174196098486
9524       0.0679648794491673
9637       0.06392717479600833
9640       0.0453196689026522
9673       0.057766119325713065
9681       0.05148734324303952
9704       0.03296555538626243
9724       0.074796556522066
9746       0.05993581588247229
9747       0.019477106148004658
9798       0.05259254237167143
9809       0.04941029510863564
9853       0.014482263949591742
9877       0.074796556522066
9915       0.025462337354946366
9927       0.008233208027516701
9957       0.026528246577590255
9974       0.034852440001511734
10132      0.04050989086679822
10150      0.11909220396558386
10211      0.04635183024414669
10342      0.022307378744899787
10422      0.03180327531172345
10441      0.043922482692130844
10477      0.026940892434791027
10530      0.10105412164839891
10591      0.035748974525116536
10598      0.03350079078442715
10611      0.10734550986392605
10612      0.07370541076338394
10619      0.028509904311252117
10639      0.029509431870891115
10826      0.03245343101391816
10923      0.10218396627941723
10941      0.04050989086679822
10957      0.05993581588247229
10968      0.025370022708330355
10994      0.149593113044132
11017      0.04343435100908163
11114      0.02077677377577782
11335      0.0652433888680828
11344      0.024314894520894692
11347      0.035268706298912475
11386      0.018407700279138524
11459      0.04154205220829271
11477      0.04635183024414669
11524      0.03760215702937249
11574      0.06998677848621201
11582      0.023345999314554465
11632      0.027677931352812733
11656      0.040184874036448
11657      0.0620753907025238
11768      0.05993581588247229
11800      0.05259254237167143
11839      0.05750400388638947
11896      0.07053741259782495
11905      0.04050989086679822
12089      0.030481645688207163
12210      0.03118690954791284
12243      0.04336944132117374
12250      0.06998677848621201
12259      0.03031854352139136
12263      0.051713446021285685
12282      0.03786287900192715
12381      0.10054574775661085
12404      0.07096489703617803
12433      0.028390683486390827
12434      0.029379787168185883
12482      0.050129446938506184
12537      0.05695463058917144
12551      0.023115654752257627
12610      0.050129446938506184
12630      0.074796556522066
12647      0.15777762711501428
12671      0.03956039447463084
12681      0.050895026898967737
12692      0.05695463058917144
12759      0.013265910812756592
12800      0.06934696425677288
12807      0.029786569782142044
12914      0.04483542320876404
12967      0.03180327531172345
12988      0.053672754931963024
13031      0.035921845870377875
13057      0.04582452689055909
13092      0.033141297448362764
13148      0.04941029510863564
13171      0.01553091066975191
13226      0.0453196689026522
13352      0.04941029510863564
13376      0.012711523724479168
13485      0.05835181679969279
13515      0.03009269976435953
13548      0.06998677848621201
13551      0.05259254237167143
13744      0.04084406429522801
13780      0.06998677848621201
13784      0.021771101330022424
13800      0.05993581588247229
13808      0.033141297448362764
13848      0.050129446938506184
13858      0.05835181679969279
13870      0.026940892434791027
13960      0.02663007014032513
14091      0.03425421044426143
14117      0.048629789041789384
14124      0.01780947072188822
14138      0.03445028717659453
14142      0.009466178588081374
14144      0.037097299041465595
14225      0.022450300621048424
