264
t_index    tf-idf
10         0.02727154694802409
122        0.04156447288474597
319        0.03238050396309373
331        0.04319117105898309
390        0.05165873959381461
675        0.05276420716567609
875        0.08708318262622015
878        0.04570920892333254
939        0.0279226897714269
947        0.029325006385550075
973        0.03879301558521183
983        0.07742199800430619
984        0.07442831724341155
985        0.09665621873291315
1036       0.04319117105898309
1079       0.04601238060480087
1138       0.07751014651952715
1149       0.09665621873291315
1190       0.044392882725676895
1213       0.03759130391851803
1228       0.02911574523494333
1239       0.1741663652524403
1266       0.022953645821596286
1299       0.03222450956016818
1386       0.01969935698963794
1447       0.023973353376630452
1539       0.028807681048778688
1643       0.035215893535697144
1645       0.03148916427298139
1651       0.05925541399625348
1771       0.04795375326216469
1843       0.06631041223859704
1864       0.05194350187982991
1872       0.09665621873291315
1873       0.09665621873291315
1918       0.1933124374658263
1924       0.03112409530721494
1947       0.027001617084432737
2065       0.17488844006885224
2117       0.03186414581507005
2186       0.024335866884582717
2207       0.040251969264396045
2259       0.07442831724341155
2282       0.04755340721025178
2328       0.07442831724341155
2362       0.04678593356761384
2364       0.04106220037967439
2387       0.03879301558521183
2467       0.061231775700507605
2591       0.07751014651952715
2605       0.0266497261579562
2614       0.07191027937906208
2616       0.04057755515423551
2739       0.028407334996865777
2752       0.047164340025211034
2857       0.023760326453207633
2861       0.03817909354955849
2874       0.06793711041283415
2921       0.053351996796716546
3103       0.036699307329467794
3142       0.01964694337182583
3215       0.0697813086997534
3222       0.03238050396309373
3404       0.05165873959381461
3443       0.06353895493906289
3446       0.013567242353024159
3536       0.046058872453349546
3542       0.030421691145212638
3592       0.06353895493906289
3613       0.08148331548575509
3646       0.08148331548575509
3690       0.05925541399625348
3716       0.012098643700866028
3750       0.022807467856400723
3774       0.0254842542699078
3816       0.04678593356761384
3869       0.03376275377860148
3925       0.031004519047542506
3931       0.02173238747329374
4040       0.03817909354955849
4350       0.06233724327236909
4439       0.07125547215007486
4522       0.054608405452595335
4560       0.061536856623785254
4567       0.03186414581507005
4600       0.04836605169190484
4756       0.017384101159204888
4813       0.07556893502172711
4856       0.044079988427525564
4880       0.07191027937906208
4910       0.02501338008132368
4957       0.025090752674259878
4964       0.09665621873291315
5003       0.03199143677805297
5108       0.03008344636054835
5197       0.03759130391851803
5282       0.01517290324715806
5294       0.0723516568986915
5316       0.019439255672854778
5338       0.021312933099498485
5342       0.020963269569481476
5397       0.031366399271604554
5431       0.022418400671359973
5657       0.025971750939914957
5735       0.03174271926262948
5843       0.14427059307358253
5872       0.06020827259306039
5888       0.03405661532677629
5891       0.04348193909796872
5901       0.09665621873291315
5916       0.015514323653125526
5971       0.06631041223859704
6071       0.09665621873291315
6113       0.03529888787935608
6189       0.013734181933209445
6251       0.09665621873291315
6257       0.03124471591425203
6292       0.017163825808551525
6318       0.04057755515423551
6325       0.021916128166288386
6342       0.05396591883236989
6343       0.05015059126092851
6344       0.08708318262622015
6423       0.04678593356761384
6489       0.044392882725676895
6501       0.050635236486367384
6544       0.0287065013162667
6588       0.03641503095991803
6591       0.08708318262622015
6638       0.050635236486367384
6707       0.03435686566734785
6812       0.08708318262622015
6836       0.07717065577248157
6862       0.07751014651952715
6896       0.041311053449561284
6905       0.09665621873291315
6911       0.06631041223859704
6979       0.05528224503002554
7153       0.046058872453349546
7173       0.08148331548575509
7182       0.1969180742957374
7183       0.14382055875812416
7188       0.02575474293187718
7231       0.028211431404170553
7328       0.1399107520550818
7391       0.036485836346656544
7409       0.04010934178286748
7429       0.030768428311892627
7455       0.017881440293365868
7593       0.03562773607503743
7740       0.04182262940511426
8005       0.04836605169190484
8032       0.019439255672854778
8195       0.05220041575390993
8237       0.029537487064516272
8240       0.04641761916141009
8243       0.0375701237244087
8536       0.0697813086997534
8657       0.016523325949707252
8742       0.03988105606111132
8764       0.04057755515423551
8770       0.021254037608467103
8888       0.04034146441858563
8981       0.04377896069002355
9084       0.008540526822391016
9173       0.03546233323920933
9209       0.06793711041283415
9303       0.09665621873291315
9341       0.06353895493906289
9407       0.020963269569481476
9463       0.05220041575390993
9524       0.022608367032797467
9557       0.03879301558521183
9679       0.020566212235697545
9736       0.024708152813953266
9747       0.022676557191728258
9752       0.08148331548575509
9793       0.02564484877378697
9923       0.047164340025211034
9927       0.009585654629011987
10028      0.03264610775876642
10115      0.04319117105898309
10130      0.05528224503002554
10136      0.024558032078112232
10181      0.022611564263705496
10328      0.06485528113671854
10388      0.028114511906657348
10471      0.06061603990883665
10523      0.05436196574908315
10604      0.05015059126092851
10611      0.03124471591425203
10613      0.054608405452595335
10636      0.042627379647216926
10695      0.04235388612169963
10848      0.08148331548575509
10855      0.04034146441858563
11017      0.03371279549978877
11020      0.02062224059536771
11037      0.04641761916141009
11065      0.05528224503002554
11264      0.02682455091914167
11273      0.03450302962489733
11276      0.024189717671908476
11280      0.028807681048778688
11344      0.028309035850810658
11373      0.046058872453349546
11458      0.06020827259306039
11504      0.023973353376630452
11657      0.036136172816639535
11757      0.022939631273735602
11902      0.03405661532677629
11984      0.049265776953275095
11994      0.04836605169190484
12017      0.053351996796716546
12089      0.00887219559843903
12243      0.025246810512290892
12251      0.06353895493906289
12345      0.046058872453349546
12362      0.029537487064516272
12450      0.09665621873291315
12580      0.04678593356761384
12586      0.038585327886240785
12687      0.06233724327236909
12697      0.093102724911075
12759      0.015445065758737437
12804      0.0325126673804286
12807      0.017339764133270544
12845      0.022227901489501614
12917      0.06233724327236909
12974      0.04879103819944815
12980      0.09665621873291315
12981      0.24934897308947637
12998      0.07518260783703606
13000      0.04408251074909542
13003      0.04319117105898309
13047      0.046058872453349546
13065      0.03579514384252577
13067      0.06485528113671854
13068      0.06631041223859704
13069      0.1933124374658263
13123      0.08148331548575509
13171      0.02712319643631956
13207      0.07881679562191558
13357      0.07442831724341155
13376      0.014799611017250257
13515      0.0525539180775514
13519      0.02167167980755903
13634      0.04106220037967439
13688      0.07751014651952715
13716      0.07191027937906208
13784      0.008449126899475965
13798      0.09665621873291315
13854      0.03666404490590313
13898      0.03702751250675187
13960      0.09301355714262752
13982      0.023412424639082722
14010      0.029537487064516272
14025      0.05528224503002554
14142      0.011021161896873048
14209      0.022380555898721666
14216      0.20963269569481477
14217      0.029644965986062147
14245      0.035137354204981326
14276      0.07751014651952715
