314
t_index    tf-idf
476        0.05251212525792164
518        0.034385241882378015
617        0.05210038550002983
677        0.03078529310081768
885        0.07803574194175737
965        0.025357528003061527
1058       0.07146193664788851
1148       0.0423047736178131
1155       0.06412219261875021
1197       0.05485693444174887
1259       0.043385778987866795
1266       0.009494486623787811
1309       0.03503830357699087
1385       0.03262399804388376
1447       0.01983255163304833
1450       0.03931263964603999
1539       0.02383186919462136
1599       0.045176158867819526
1645       0.026050192750014915
1652       0.051570031794814446
1692       0.03672511412838454
1742       0.012520900970890432
1762       0.03810334548280176
1770       0.06157267285476158
1800       0.03109833923544359
1831       0.034385241882378015
1839       0.03621723188598494
1855       0.03933973645689648
1891       0.05620266088331511
1927       0.051570031794814446
1934       0.01176597193272628
1947       0.02233775795107728
1962       0.015101680587924387
1969       0.0720417243541853
2009       0.059489563530249534
2046       0.030480595866205853
2283       0.04273597457130243
2284       0.046937402706313774
2389       0.025649257957696847
2550       0.012614938284953298
2564       0.035068828602184875
2571       0.02233775795107728
2576       0.04980878795632019
2581       0.14349714229772575
2675       0.03597151340146538
2720       0.06740909526568463
2830       0.03967093266549154
2857       0.019656319823019994
2939       0.03688174760568019
2945       0.03299259353026129
2946       0.06963288567173467
2971       0.04413676362142003
3020       0.03356986914602715
3055       0.1867549357535697
3071       0.09961757591264038
3082       0.04318408961990277
3186       0.06740909526568463
3189       0.04464464586381963
3235       0.02366507106204918
3256       0.04464464586381963
3311       0.026787575632960716
3345       0.021282349430632733
3346       0.03967093266549154
3409       0.030183813747366665
3430       0.05485693444174887
3446       0.06734302796705806
3451       0.11096334047965262
3457       0.08004617746712853
3537       0.09961757591264038
3559       0.026896911100432245
3767       0.060076528802414104
3777       0.0274598559513832
3779       0.035730968323944255
3832       0.03967093266549154
3858       0.02013244993059519
3981       0.06740909526568463
4000       0.049049067883149486
4121       0.06740909526568463
4137       0.059489563530249534
4170       0.040012016775318966
4171       0.04273597457130243
4206       0.03698778015988421
4229       0.026360405538275188
4294       0.049020512030825816
4314       0.06740909526568463
4440       0.030940744058794576
4511       0.07434645076465603
4514       0.02989454591302121
4591       0.04980878795632019
4662       0.0720417243541853
4699       0.06412219261875021
4736       0.03967093266549154
4746       0.06963288567173467
4772       0.030331241201389615
4807       0.0914672187677828
4808       0.0457336093838914
4859       0.04631965933707603
4910       0.020692939539426268
4932       0.03646835120689006
5003       0.02646571014694292
5081       0.028174180362000326
5085       0.03318144855995563
5095       0.018652462611993444
5146       0.020503038173437325
5282       0.012552160823935761
5294       0.01995156801299054
5316       0.016081606764940106
5342       0.01734238508908545
5397       0.02594863235542653
5436       0.045176158867819526
5476       0.03481644283586734
5574       0.06740909526568463
5579       0.11520038280492281
5591       0.030331241201389615
5594       0.018233132276881916
5632       0.015459376661240283
5686       0.012489726410865255
5707       0.03078529310081768
5735       0.013129976204395759
5868       0.2688008932114866
5916       0.034225624878147586
6078       0.040363597412444926
6090       0.019199240106120688
6127       0.033969724485450006
6166       0.03933973645689648
6189       0.062490685982407715
6254       0.027931076102217227
6361       0.030125238233698295
6548       0.03870482483625277
6588       0.04518785735054744
6707       0.05684513981774484
6712       0.04980878795632019
6759       0.018440873802840096
6798       0.04828312914788002
6823       0.04759046440092663
6875       0.2452681250389361
6876       0.1746020002375174
6940       0.0720417243541853
6993       0.02711877184155578
7077       0.1339339375914589
7078       0.059489563530249534
7087       0.02723133895072921
7139       0.024259839420205407
7248       0.051570031794814446
7257       0.11240532176663022
7391       0.0905514412421
7398       0.008888094938703812
7408       0.01983255163304833
7423       0.04148832142856704
7455       0.04437859597529047
7467       0.039429524495885895
7515       0.028174180362000326
7561       0.03646835120689006
7681       0.04110098029539072
7703       0.030038264401207052
7782       0.024979792140867818
7800       0.015062619116849148
7813       0.05065550630673752
7841       0.025551184658866
7852       0.019540324215948108
7869       0.0720417243541853
7881       0.019311807215294116
7897       0.03958805868787639
8010       0.03725662713238443
8017       0.030480595866205853
8243       0.04662122609121681
8258       0.01995156801299054
8296       0.03810334548280176
8339       0.02263648004261165
8427       0.032767999561391016
8458       0.02366507106204918
8583       0.024979792140867818
8587       0.05485693444174887
8590       0.11545663938351057
8651       0.0720417243541853
8657       0.05467732609601501
8690       0.020692939539426268
8693       0.025748180386561223
8719       0.06877048376475603
8749       0.022954869300910084
8793       0.0720417243541853
8857       0.06157267285476158
8885       0.06036762749473333
8927       0.0720417243541853
8942       0.023099738193708225
8972       0.10940505362067018
9010       0.027144642732587158
9018       0.0720417243541853
9075       0.024614145923778967
9084       0.021196088405006162
9103       0.02619419426752217
9114       0.016081606764940106
9122       0.06126385759193402
9124       0.03725662713238443
9125       0.06076394587969571
9157       0.025748180386561223
9161       0.03621723188598494
9187       0.12330294088617218
9194       0.05485693444174887
9308       0.030331241201389615
9392       0.03318144855995563
9407       0.0346847701781709
9409       0.06076394587969571
9435       0.02350067298602629
9483       0.059489563530249534
9484       0.026050192750014915
9528       0.027693036884813813
9673       0.018546178411507828
9753       0.0715137316369746
9760       0.16222032838504918
9786       0.02805198166603028
9853       0.041846602945146846
9924       0.03299259353026129
9927       0.02378991216369865
9950       0.040726341185936085
9955       0.09804102406165163
9986       0.0274598559513832
9989       0.040726341185936085
9999       0.040012016775318966
10004      0.040012016775318966
10028      0.027007302965589418
10033      0.10314006358962889
10092      0.02176277025710202
10181      0.018705977787866753
10187      0.030480595866205853
10266      0.024704466308448667
10341      0.06157267285476158
10458      0.033373477771962624
10487      0.040726341185936085
10540      0.01373857700360027
10591      0.022954869300910084
10599      0.02526191682452054
10604      0.04148832142856704
10607      0.030331241201389615
10619      0.0549197119027664
10817      0.02842256990887242
10943      0.019656319823019994
10944      0.03810334548280176
11017      0.051131202606064005
11127      0.014014828795360531
11168      0.034385241882378015
11273      0.04281523150612427
11276      0.02001154436678213
11278      0.02829770015054985
11282      0.09634689175684372
11351      0.032806809450501
11361      0.059489563530249534
11371      0.07680025520328188
11373      0.03810334548280176
11562      0.06157267285476158
11632      0.026658525391140844
11718      0.039017870970878686
11839      0.11077214753925525
11928      0.046937402706313774
11992      0.033373477771962624
12047      0.035495383293890174
12082      0.043950028355172234
12089      0.014679488058276626
12103      0.12583549554444529
12113      0.022865761365382587
12130      0.049020512030825816
12144      0.023916190382954294
12174      0.01239670986595887
12243      0.04177210131502871
12276      0.0423047736178131
12355      0.027931076102217227
12363      0.039017870970878686
12381      0.0581055282356236
12405      0.03190884053220419
12410      0.10791454020439611
12433      0.027345026149032583
12451      0.12824438523750042
12468      0.045176158867819526
12540      0.02672563539039528
12657      0.030331241201389615
12759      0.019165971025642183
12767      0.02148577562030382
12835      0.04365050005937935
12855      0.055386073769627626
13017      0.059489563530249534
13076      0.06412219261875021
13110      0.0720417243541853
13112      0.04828312914788002
13155      0.0423047736178131
13171      0.029917783316927418
13372      0.06674695554392525
13376      0.024486691122216395
13377      0.04413676362142003
13389      0.040726341185936085
13489      0.06740909526568463
13762      0.1640243053874986
13765      0.09680076921563613
13784      0.004659833297842037
13822      0.05485693444174887
13825      0.01995156801299054
13844      0.026360405538275188
13920      0.04980878795632019
13924      0.035495383293890174
13959      0.024795506385043957
13982      0.019368509411874534
14010      0.0488712386718969
14015      0.03192067023581029
14039      0.022486142753055115
14047      0.029201881166067825
14067      0.06157267285476158
14073      0.023419352577529612
14117      0.023419352577529612
14124      0.0171535300593911
14142      0.027352589219619836
14144      0.035730968323944255
14162      0.0423047736178131
14209      0.009257435191991245
14225      0.021623433540460153
14267      0.0720417243541853
