252
t_index    tf-idf
280        0.060688602588938156
313        0.04519000672043094
315        0.032869826107404056
319        0.031524132821522645
330        0.08503715269812695
332        0.03776705196588222
358        0.0661403693594648
428        0.036048241362884384
936        0.04708690881791218
1026       0.034685484989354885
1080       0.0700084594409681
1084       0.0417716479027175
1135       0.03622872341853724
1222       0.03420807230848572
1228       0.028345717566042317
1266       0.033519881922294305
1298       0.057721883902689966
1299       0.03137226402161626
1309       0.041233747724553266
1364       0.016881177274267148
1420       0.0661403693594648
1591       0.05682051250743485
1614       0.046295756444079246
1704       0.03927454878391332
1742       0.029469672855785507
1765       0.05861593705710613
1831       0.04046521219585491
1934       0.013846421455369884
1940       0.02663904390798973
1995       0.2032794599417639
2250       0.07546022621149476
2396       0.10507735117687764
2483       0.03245179105068755
2489       0.13438719341341868
2564       0.02063483507985341
2579       0.04519000672043094
2704       0.0545098635724609
2749       0.040972657748853704
2772       0.034524456582519576
2796       0.13587158781827216
2802       0.023339327173028696
2836       0.05600537134710986
2852       0.05081986498544098
2866       0.09585507897178805
2868       0.06314004559846788
2908       0.11201074269421972
2939       0.021701574008450738
2940       0.03641166108761345
3005       0.13142827455355818
3020       0.019752832959962975
3055       0.03139668436718134
3116       0.046685514495079905
3142       0.019127338261822308
3156       0.06314004559846788
3171       0.07900879119810743
3263       0.030656366501016264
3311       0.031524132821522645
3366       0.035694386434050186
3428       0.013846421455369884
3446       0.013208427838121201
3551       0.04352792916051568
3643       0.07245990245049783
3705       0.06793579390913608
3706       0.04046521219585491
3716       0.023557338787628862
3858       0.02369225324197773
3869       0.032869826107404056
3925       0.030184538747023752
4040       0.03716936640125809
4256       0.04150000813341102
4283       0.05682051250743485
4370       0.018288251037710857
4433       0.04929608020507617
4511       0.01749846586213648
4557       0.047927539485894025
4560       0.029954691931883368
4569       0.06793579390913608
4756       0.033848683426927206
4762       0.03139668436718134
4795       0.060688602588938156
4864       0.03622872341853724
4962       0.05682051250743485
5102       0.0397382399499043
5124       0.049898213104703916
5206       0.0417716479027175
5225       0.04384431343454953
5282       0.014771623622556601
5316       0.037850286609564084
5342       0.020408851419821402
5465       0.035694386434050186
5594       0.021457099795980632
5614       0.030069124207800415
5686       0.04409444882307312
5693       0.18834763527164872
5723       0.07594466797571355
5735       0.015451607845448604
5843       0.046818350361636674
5916       0.01006934296090949
6002       0.13452224349107106
6083       0.12628009119693576
6147       0.025610845473638715
6189       0.0200564285202721
6229       0.03927454878391332
6233       0.05523683581841151
6266       0.05081986498544098
6361       0.07090391638059215
6468       0.051940990023814686
6612       0.03272903203284829
6750       0.03139668436718134
6759       0.021701574008450738
6802       0.05029251460088366
6840       0.051940990023814686
6851       0.05155368803479221
6908       0.1315329403036486
6922       0.04591697896638156
6976       0.06793579390913608
6993       0.031913890872523304
7012       0.030069124207800415
7066       0.039048565123881315
7139       0.028549444361450765
7191       0.053820188746437916
7231       0.027465320233557522
7255       0.0661403693594648
7352       0.08478008306352472
7429       0.029954691931883368
7455       0.052225582976473416
7467       0.046401420730600336
7485       0.03776705196588222
7522       0.030184538747023752
7560       0.03501344542532827
7782       0.029396698532651398
7897       0.015529328936201247
7956       0.03436533388205302
8088       0.049933232654695396
8106       0.023200710365300168
8166       0.12137720517787631
8213       0.02481026908591922
8284       0.0513687457369082
8427       0.019281005205970463
8455       0.07245990245049783
8583       0.029396698532651398
8599       0.05600537134710986
8657       0.032172663062043125
8717       0.038392546664022885
8749       0.027013730494229206
8770       0.06207578844294238
8835       0.05600537134710986
8854       0.04321881873640887
8885       0.03552089097832706
8892       0.05600537134710986
9009       0.01480851174243512
9010       0.010648112077774205
9103       0.015412915124467153
9114       0.018925143304782042
9199       0.04262113317178474
9230       0.024655718979022398
9276       0.04882425245108367
9277       0.05081986498544098
9314       0.04750065565540489
9317       0.060688602588938156
9407       0.020408851419821402
9679       0.04004459021963969
9819       0.07546022621149476
9857       0.07546022621149476
9927       0.12131784145973189
9930       0.021578781271352022
9957       0.030069124207800415
10065      0.028652477135826818
10138      0.03678517708558748
10181      0.022013553463030876
10215      0.03204636200576583
10303      0.07546022621149476
10342      0.050569745743954765
10411      0.1136410250148697
10518      0.06436030256276214
10519      0.044168322155207995
10540      0.03233564187923812
10570      0.06455669267044148
10577      0.06793579390913608
10599      0.02972870827185136
10626      0.046295756444079246
10647      0.0397382399499043
10729      0.0545098635724609
10731      0.0417716479027175
10755      0.022860294429351113
10901      0.05682051250743485
10968      0.028756305537959076
10969      0.026287502020837183
11017      0.04376158544172052
11018      0.05253867558843882
11074      0.0513687457369082
11114      0.023549969255374097
11127      0.008246459673495557
11218      0.03272903203284829
11264      0.026115118746037155
11273      0.0167952618940072
11276      0.023549969255374097
11282      0.028345717566042317
11332      0.029396698532651398
11344      0.055120686646962076
11385      0.04484074783035701
11407      0.01996796892980416
11583      0.06185853244046877
11632      0.03137226402161626
11657      0.035180475042378
11839      0.03258969699049647
11903      0.0881900955979542
12089      0.017275103116523475
12113      0.02690886656650728
12203      0.024655718979022398
12284      0.0365971221143516
12369      0.0700084594409681
12375      0.09500131131080979
12381      0.022793233386285354
12428      0.046685514495079905
12442      0.06455669267044148
12468      0.053164170286579486
12540      0.01572562017799311
12759      0.00751829410948228
12808      0.05682051250743485
12845      0.04328007493011369
12871      0.011173293974098102
12998      0.10979136634305481
13063      0.016373731721268357
13084      0.06937096997870977
13207      0.05115487880369775
13228      0.060688602588938156
13252      0.060688602588938156
13268      0.07546022621149476
13307      0.0700084594409681
13346      0.06455669267044148
13364      0.060688602588938156
13376      0.014408203897827536
13663      0.4826219397049432
13667      0.038826316902479306
13671      0.06314004559846788
13715      0.1314375101041859
13733      0.035349605715961775
13783      0.03552089097832706
13784      0.008225671808831604
13801      0.07245990245049783
13825      0.046958775863632764
13850      0.06455669267044148
13883      0.017363783154097093
13912      0.02450292516135672
13914      0.04311718916984332
13995      0.07585461861593215
14023      0.029287825781834118
14093      0.027370963977827723
14209      0.04357730920895808
14241      0.07245990245049783
14280      0.06793579390913608
