283
t_index    tf-idf
48         0.028136240310305444
242        0.027831341491732404
274        0.062476241078333196
281        0.041271545810374434
463        0.03469934164533796
475        0.0244332975127977
476        0.022769861677796897
570        0.03785471807271016
579        0.04070519568150932
588        0.03668767313670294
592        0.043929620679337644
608        0.058458718533526806
635        0.03785471807271016
641        0.03827641702289496
662        0.043929620679337644
663        0.06934424123193875
669        0.04187224061751655
780        0.051590718379921255
806        0.06934424123193875
931        0.02158281990399854
965        0.021990631774457516
1070       0.03411632468367438
1079       0.04951611487821326
1266       0.00823383727333445
1298       0.021268240156699897
1361       0.03668767313670294
1374       0.04558486434374989
1386       0.014132944378656642
1460       0.0279826181669902
1612       0.03330147426349741
1650       0.05822325371516838
1660       0.0533972387195913
1823       0.04652923856598575
1831       0.029819672983097383
1894       0.02643347410989186
1913       0.05209974817032539
1919       0.023325620218520998
1934       0.010203721601330651
1962       0.013096524903548283
2049       0.03304409798092571
2183       0.07570943614542032
2325       0.11121648184945529
2479       0.06934424123193875
2571       0.01937181769886219
2580       0.03162619332276743
2581       0.020740670624355487
2626       0.06197343583820921
2639       0.06934424123193875
2645       0.05566268298346481
2650       0.1067944774391826
2718       0.06934424123193875
2772       0.05088360838079757
2802       0.01719924513373803
2810       0.062476241078333196
2839       0.06934424123193875
2869       0.062476241078333196
2885       0.05006332719602182
2945       0.028611936286562674
3218       0.0307824131601049
3228       0.058458718533526806
3329       0.0318488640365388
3415       0.03254857324127202
3429       0.029819672983097383
3446       0.00973357057531903
3496       0.02532454329802699
3537       0.04319532704241627
3649       0.08033894883420592
3712       0.02911162685758419
3746       0.1601917161587739
3750       0.016362801831656892
3762       0.025802150438291
3777       0.04762763789385203
3802       0.10085121895574398
3831       0.11235070862173155
3858       0.13967459070551966
3974       0.0533972387195913
4006       0.023043844933808927
4171       0.0370616205257321
4385       0.06934424123193875
4421       0.03745023620724385
4422       0.06934424123193875
4447       0.03140841686928941
4496       0.028775715713968263
4511       0.03868497171268415
4653       0.05006332719602182
4683       0.0396612384123802
4703       0.03119532414540106
4828       0.03745023620724385
4928       0.022329414510547513
5074       0.03440354565676888
5094       0.028292281799197946
5124       0.02757828854365172
5146       0.017780706489815175
5316       0.055785357731514794
5342       0.015039715406757163
5349       0.06934424123193875
5360       0.05006332719602182
5382       0.03632732688881072
5544       0.048740240771122094
5548       0.0533972387195913
5573       0.04652923856598575
5594       0.03162438372916137
5632       0.013406727169104671
5714       0.07743372838028868
5722       0.05006332719602182
5733       0.15782370184699782
5743       0.18323268479124108
5825       0.04070519568150932
5867       0.058458718533526806
5916       0.003710156180519577
5978       0.11121648184945529
6108       0.026969195374298222
6140       0.062476241078333196
6146       0.1874287232349996
6147       0.05661952541962283
6189       0.009853338332337494
6204       0.03383719552790377
6254       0.024222471904755512
6273       0.1386884824638775
6277       0.020309801446989118
6278       0.058458718533526806
6342       0.03871686419014434
6369       0.04319532704241627
6407       0.062476241078333196
6414       0.03827641702289496
6426       0.026969195374298222
6497       0.04757319583511487
6578       0.058458718533526806
6590       0.043929620679337644
6606       0.10693114760272143
6612       0.02411871776549906
6617       0.1067944774391826
6851       0.018995502986978035
6906       0.029459326735205175
6936       0.0305822360536383
6938       0.06934424123193875
6982       0.0303860231119625
6993       0.02351802295835695
7007       0.06222201187306646
7056       0.058458718533526806
7188       0.009238635289829081
7228       0.01475485386450186
7391       0.02617609782732016
7429       0.0441484954234189
7434       0.03254857324127202
7470       0.06934424123193875
7489       0.03383719552790377
7501       0.04757319583511487
7555       0.020963341338126853
7577       0.06713142943319633
7641       0.04016947441710296
7705       0.02845082005760409
7706       0.019696713355226367
7740       0.03000488267015832
7782       0.021663050542860086
7939       0.03745023620724385
7956       0.02532454329802699
7985       0.1386884824638775
8035       0.03564371586757381
8058       0.06934424123193875
8066       0.03871686419014434
8069       0.027390894324483023
8095       0.0276823397400898
8222       0.07743372838028868
8238       0.062476241078333196
8273       0.03383719552790377
8293       0.1386884824638775
8344       0.0830470192202694
8419       0.1427195875053446
8427       0.014208581614365865
8657       0.011854358836202733
8693       0.022329414510547513
8745       0.020170243791148793
8749       0.029860486292246236
8759       0.011301322017721382
8770       0.015248321633053612
8885       0.10470439130928064
8942       0.040065248997684585
8958       0.06934424123193875
9009       0.010912706336209626
9039       0.06934424123193875
9046       0.04757319583511487
9060       0.04187224061751655
9096       0.0396612384123802
9109       0.0305822360536383
9124       0.06461960868800867
9125       0.017565297359192152
9528       0.2161443493621288
9623       0.028775715713968263
9673       0.016083672675886285
9681       0.021503233694896404
9704       0.02753554550316334
9760       0.11254496124122178
9786       0.048654647983591016
9853       0.012096778995538652
9942       0.03917780449760989
10028      0.023421354584160812
10136      0.017618712204250726
10215      0.07084693123698355
10234      0.026969195374298222
10390      0.1386884824638775
10448      0.07063764042241927
10555      0.026049874085162694
10572      0.09837971477632394
10579      0.06934424123193875
10599      0.13144629336217628
10637      0.018169322171326933
10680      0.015248321633053612
10693      0.03785471807271016
10731      0.0307824131601049
10755      0.033692471492854405
10949      0.016083672675886285
10975      0.1386884824638775
11017      0.01209331512440137
11056      0.1386884824638775
11059      0.09514639167022974
11069      0.030193620372126546
11168      0.029819672983097383
11236      0.028136240310305444
11250      0.01893415028468545
11278      0.024540416715683862
11331      0.028942247865315
11332      0.021663050542860086
11351      0.02845082005760409
11380      0.01669871297527282
11392      0.021114618013384653
11428      0.06934424123193875
11555      0.017512168922185586
11598      0.020888560381186038
11660      0.01976299072450027
11952      0.06934424123193875
12053      0.03785471807271016
12089      0.03182597456740787
12092      0.11121648184945529
12196      0.06934424123193875
12203      0.03633864434265387
12405      0.013836040374457409
12540      0.011588542990815891
12548      0.048740240771122094
12551      0.019308097673714608
12600      0.0655864765175493
12678      0.11340096009093117
12735      0.02643347410989186
12807      0.01244009752010906
12985      0.023813818946926014
13045      0.0533972387195913
13061      0.04251171602117936
13127      0.018812572934060925
13171      0.006486347529135396
13207      0.009424278748577184
13288      0.05006332719602182
13313      0.06934424123193875
13372      0.05788449573063
13487      0.0533972387195913
13528      0.051590718379921255
13622      0.23383487413410722
13639      0.062476241078333196
13655      0.04076064875292655
13667      0.028611936286562674
13696      0.06934424123193875
13705      0.08583580885968801
13762      0.03556141297963035
13765      0.0279826181669902
13784      0.0141439013139569
13860      0.03263146163578823
13862      0.029637861831402445
13912      0.018056725166903063
13914      0.021182647369168816
13929      0.015290575128908223
13959      0.06450970108468922
14023      0.02158281990399854
14039      0.039001000827101125
14058      0.0533972387195913
14072      0.02351802295835695
14073      0.020309801446989118
14091      0.028611936286562674
14092      0.02313688251655277
14093      0.14119170653804156
14114      0.024565134993468622
14142      0.00790693158962543
14209      0.008028260817000976
14225      0.018752339132990507
14245      0.025208653909534803
