406
t_index    tf-idf
10         0.04816932163168014
83         0.0423380135914266
122        0.02447156697359795
306        0.04835169638555816
315        0.019878214084350056
398        0.024778447554763827
525        0.02526164138967781
600        0.03141160881328501
664        0.031773062554168896
696        0.022963984714328384
739        0.03436252775766459
758        0.0423380135914266
789        0.022020158911134003
903        0.049556895109527654
919        0.029812084573671196
931        0.01771197903676482
942        0.017646666474574028
953        0.02432236333284134
967        0.017020867752270394
970        0.03296514968656973
1079       0.013545162195456354
1099       0.01574163851029782
1157       0.02283983924525457
1163       0.035448320954563316
1213       0.022132317520728046
1214       0.03141160881328501
1241       0.018115270129725587
1275       0.020051228489634726
1282       0.09127000103889764
1287       0.02560049751450979
1340       0.030733602076793702
1380       0.030877141996997773
1382       0.033404790282512274
1447       0.028229181414844647
1472       0.045435121392477094
1534       0.01720360286436245
1557       0.014681618299400487
1589       0.031773062554168896
1592       0.029251077989206932
1593       0.013989168627893577
1594       0.037409298935061015
1609       0.018184473698719405
1612       0.02732891330567761
1622       0.059053488117625084
1680       0.030107803354490068
1682       0.060215606708980136
1742       0.008910976043939417
1785       0.03254806491722914
1822       0.022597093748048996
1934       0.016747404083770377
1947       0.015897516196329377
1962       0.010747686149349768
2006       0.01996426113361767
2044       0.025097365695901586
2283       0.030414683935655943
2337       0.026911828536337026
2345       0.023218110717626774
2429       0.015194367351863065
2550       0.02693370383992395
2564       0.01247903374883347
2571       0.015897516196329377
2751       0.04797424997231872
2802       0.014114590707422324
2825       0.026911828536337026
2857       0.013989168627893577
2927       0.03296514968656973
2949       0.017390539149514123
2975       0.014371392163661194
3020       0.011945637955842543
3031       0.032151334026541106
3150       0.04382053767901338
3194       0.032151334026541106
3235       0.016842149123478565
3241       0.022597093748048996
3263       0.14831689449509572
3265       0.07954529293694697
3267       0.05127123690034093
3311       0.07625759369728573
3321       0.025775372432392894
3345       0.04543918358016432
3346       0.028233330128941112
3347       0.0399987641385567
3371       0.03296514968656973
3403       0.04563500051944882
3409       0.02148146062674161
3431       0.02632376245842845
3446       0.03195148710868532
3447       0.04108455733545543
3449       0.03488731437009905
3457       0.014241977703457939
3505       0.02526164138967781
3510       0.03436252775766459
3534       0.019064398424321432
3542       0.03582224917777795
3572       0.032151334026541106
3716       0.007123217234979051
3736       0.05127123690034093
3744       0.019625405008785696
3750       0.013428162043429314
3802       0.016552745970376023
3858       0.02865604950545111
4043       0.043600757535758754
4052       0.037409298935061015
4087       0.02754576269731428
4139       0.04382053767901338
4150       0.03436252775766459
4268       0.03296514968656973
4328       0.026711043760283118
4370       0.022119847435034968
4402       0.014681618299400487
4403       0.014328024752725555
4475       0.04797424997231872
4500       0.03106554082964237
4511       0.04232918658208394
4534       0.04382053767901338
4567       0.018760386557341593
4601       0.045780351737817256
4636       0.030107803354490068
4644       0.0390410266634044
4646       0.028233330128941112
4698       0.0399987641385567
4703       0.02560049751450979
4824       0.026711043760283118
4869       0.03670177721053449
4878       0.04563500051944882
4910       0.014726918529521836
4916       0.018835330592705833
4928       0.018324673211065335
4996       0.035448320954563316
5030       0.02127559215544491
5039       0.04382053767901338
5047       0.04797424997231872
5085       0.023614841608314816
5090       0.01390661593634024
5124       0.03772028483208188
5159       0.03106554082964237
5249       0.03436252775766459
5258       0.013199094211813717
5282       0.008933223308914327
5294       0.014199293247037252
5314       0.026515097645648987
5338       0.012548237317827286
5379       0.02754576269731428
5388       0.022597093748048996
5458       0.026911828536337026
5462       0.022132317520728046
5463       0.5370089546061095
5476       0.024778447554763827
5686       0.026666368442972245
5690       0.027768553901620165
5707       0.02190952631642217
5709       0.027487966219163253
5735       0.018688895261910952
5838       0.038284422347743416
5843       0.014156831686966026
5870       0.033404790282512274
5916       0.009134238545026034
5936       0.037409298935061015
5996       0.04563500051944882
6147       0.01548830430506968
6189       0.06873235487608971
6197       0.024623559628367837
6212       0.02754576269731428
6292       0.010105402129405706
6296       0.030733602076793702
6343       0.029526744058812542
6356       0.011598225610739294
6361       0.010719886565773336
6370       0.01771197903676482
6376       0.05127123690034093
6399       0.023614841608314816
6413       0.037409298935061015
6444       0.04108455733545543
6489       0.026136826173276784
6492       0.03818430129812126
6509       0.01771197903676482
6550       0.03386956650983323
6575       0.03488731437009905
6611       0.035448320954563316
6658       0.03296514968656973
6665       0.01548830430506968
6677       0.020051228489634726
6689       0.033404790282512274
6707       0.02022800437077044
6713       0.030414683935655943
6730       0.03386956650983323
6736       0.019300106820026783
6750       0.01898732324747572
6759       0.013124150176449478
6775       0.04108455733545543
6796       0.011118005180720397
6820       0.07089664190912663
6823       0.03386956650983323
6851       0.015588692867507388
6921       0.046180109991760705
6922       0.05553710780324033
6993       0.019300106820026783
7066       0.023614841608314816
7188       0.0075817022664148095
7398       0.01897665381888642
7418       0.049872686401837805
7419       0.03141160881328501
7434       0.10684417504113247
7453       0.029453837059043673
7455       0.021055812012190287
7456       0.028233330128941112
7465       0.013466975340397692
7467       0.02806152281082811
7479       0.024349411574916272
7480       0.03254806491722914
7489       0.027768553901620165
7490       0.03296514968656973
7525       0.10900189383939687
7574       0.028476075626146687
7587       0.031690448491699
7591       0.03436252775766459
7593       0.020976244108653723
7808       0.035448320954563316
7855       0.011598225610739294
7896       0.030107803354490068
7897       0.009391449902151008
7920       0.03254806491722914
7941       0.030107803354490068
7967       0.1395492574803962
7988       0.037409298935061015
8005       0.028476075626146687
8032       0.011445087934454314
8068       0.02190952631642217
8088       0.030197406137482147
8230       0.05127123690034093
8258       0.014199293247037252
8378       0.029526744058812542
8396       0.018686126951949225
8406       0.09481613536819447
8424       0.2671104376028312
8427       0.011660297440983887
8445       0.02732891330567761
8458       0.016842149123478565
8483       0.037409298935061015
8503       0.01338953313336501
8504       0.02754576269731428
8514       0.016110113149827125
8521       0.011977969490589671
8641       0.03605092031654806
8657       0.009728300385910722
8708       0.02685632408685863
8742       0.023480435733745864
8749       0.024505060487387202
8759       0.009274449750123967
8770       0.03754068573687034
8972       0.025954091061184723
8992       0.018539611811886965
9009       0.026866594826958617
9010       0.012879012549961173
9055       0.04382053767901338
9075       0.017517594395064146
9125       0.11531993686994087
9337       0.03106554082964237
9354       0.03106554082964237
9362       0.11199048693294303
9446       0.03386956650983323
9451       0.0399987641385567
9468       0.04108455733545543
9524       0.006655469558593062
9528       0.019708804409380873
9560       0.03737225390389845
9567       0.2334821541765694
9571       0.07529209708770475
9644       0.04797424997231872
9673       0.013199094211813717
9679       0.012108596721884737
9704       0.022597093748048996
9753       0.03817160308060129
9786       0.05989278340085301
9810       0.01247903374883347
9811       0.02247838550437068
9849       0.03296514968656973
9853       0.01985448583033982
9874       0.03141160881328501
9927       0.07901131955796523
9931       0.0179786052274227
10007      0.03605092031654806
10030      0.05155074486478579
10073      0.019625405008785696
10132      0.027768553901620165
10181      0.013312821524079935
10234      0.022132317520728046
10240      0.05127123690034093
10258      0.020593520749898214
10281      0.03818430129812126
10292      0.02632376245842845
10319      0.04563500051944882
10350      0.023890507677920426
10367      0.07089664190912663
10388      0.016552745970376023
10397      0.02560049751450979
10458      0.023751506510617703
10513      0.04696087146749173
10523      0.03200623978400915
10530      0.023090054995880353
10555      0.021377874891189936
10591      0.008168353495795734
10598      0.022963984714328384
10606      0.02417584819277908
10611      0.018395689996763283
10618      0.04797424997231872
10619      0.019542852317232358
10622      0.22966747391232556
10680      0.03754068573687034
10703      0.037409298935061015
10711      0.04563500051944882
10728      0.03386956650983323
10755      0.013824892934117353
10941      0.027768553901620165
10943      0.041967505883680735
10949      0.026398188423627435
11017      0.043005734560712085
11121      0.04382053767901338
11127      0.004987093338798633
11136      0.045435121392477094
11152      0.03670177721053449
11250      0.04661503099405087
11273      0.010157030050627451
11282      0.017142233740792108
11351      0.04669643083531388
11380      0.013703828113034921
11386      0.012618034916136193
11424      0.0399987641385567
11445      0.04382053767901338
11502      0.03818430129812126
11555      0.014371392163661194
11588      0.0390410266634044
11601      0.04108455733545543
11632      0.009486277452377016
11689      0.0399987641385567
11765      0.030733602076793702
11822      0.028233330128941112
11937      0.018612539388399955
11946      0.05227365234655357
11982      0.0216926769247855
11986      0.029812084573671196
12015      0.03296514968656973
12017      0.03141160881328501
12037      0.032151334026541106
12094      0.019142211173871708
12101      0.0423380135914266
12103      0.017911124588888976
12113      0.01627328993553005
12144      0.03404173550454079
12211      0.025775372432392894
12284      0.022132317520728046
12304      0.03254806491722914
12319      0.061467204153587404
12344      0.02236138535234364
12381      0.02756867477464844
12405      0.022709141637124036
12540      0.028530474437487973
12640      0.015146394526721441
12678      0.018612539388399955
12772      0.01771197903676482
12832      0.03386956650983323
12855      0.019708804409380873
12871      0.006757113010539184
12915      0.011176504499768211
12916      0.0697746287401981
12941      0.013199094211813717
12945      0.03058234104448303
12963      0.035448320954563316
12998      0.022132317520728046
13002      0.031773062554168896
13023      0.025954091061184723
13063      0.009902107283791506
13074      0.03605092031654806
13084      0.041952488217307446
13125      0.11455290389436379
13127      0.015438570998498886
13141      0.09127000103889764
13171      0.005323032484737227
13180      0.04563500051944882
13207      0.015468101793362263
13387      0.035448320954563316
13448      0.03488731437009905
13515      0.010313910227499161
13544      0.04382053767901338
13553      0.02754576269731428
13647      0.12190712808175563
13658      0.058502155978413864
13713      0.02754576269731428
13715      0.015897516196329377
13734      0.026515097645648987
13762      0.014591767989878322
13784      0.019898087038157587
13883      0.03150253953795249
13901      0.035448320954563316
13914      0.017383576743666876
14039      0.016003119892004574
14068      0.03436252775766459
14072      0.019300106820026783
14073      0.01666727420559546
14092      0.01898732324747572
14093      0.04965823791112807
14142      0.058399535586714485
14165      0.02632376245842845
14171      0.026711043760283118
14209      0.019765218992453027
14225      0.015389140023927012
