347
t_index    tf-idf
330        0.02038191492751614
428        0.025920394748625966
646        0.03301648500662761
898        0.03129864492064964
939        0.039093479000882315
968        0.023634963477020852
998        0.021787821593734106
1071       0.02162112601737441
1101       0.05210210551069033
1222       0.024597225947849754
1266       0.008034128143329017
1287       0.03043869138251035
1299       0.05639536332802
1337       0.04755806158084594
1364       0.024276733744967718
1380       0.018356279902136143
1447       0.016782082859529278
1450       0.016632957477525884
1454       0.04540068653789045
1458       0.03971790397942749
1472       0.027010913307615583
1513       0.03085910996367212
1556       0.02230587965377872
1557       0.017456272018072348
1593       0.016632957477525884
1609       0.04324225203474882
1679       0.014088806702211678
1710       0.03971790397942749
1740       0.1006788035058732
1788       0.04447921781500579
1898       0.0503394017529366
1920       0.03275203803520137
1938       0.018839785845283744
2170       0.06096089952644571
2217       0.04027051746427604
2219       0.02946128361879285
2370       0.028240262758042783
2391       0.04148060773718122
2483       0.02333437645032577
2489       0.04831538198174447
2492       0.058192812411836776
2550       0.010674619357256887
2554       0.13532463699849118
2564       0.01483742481244301
2566       0.03654189252213507
2580       0.03085910996367212
2625       0.024824721242076745
2667       0.018123302269276862
2680       0.04755806158084594
2702       0.020454882095896916
2728       0.037348034582289365
2739       0.01988600602703059
2785       0.01961364706102784
2812       0.048849056961185626
2841       0.04363798278013672
2931       0.03415522363524617
2964       0.06603297001325523
2979       0.02874480004278597
3005       0.027000903145040715
3095       0.0503394017529366
3101       0.03129864492064964
3116       0.03356909849147616
3154       0.02505769887493603
3181       0.046419322952227386
3200       0.0344621733498438
3234       0.03693656380733683
3249       0.0503394017529366
3321       0.030646615609489485
3327       0.03869926756509056
3334       0.030172805241868446
3336       0.03616270259159274
3354       0.021137620074226805
3431       0.03129864492064964
3446       0.01899497177276153
3457       0.03386708900844193
3532       0.025541204818083627
3582       0.046419322952227386
3605       0.02946128361879285
3668       0.06096089952644571
3774       0.03567951967769453
3784       0.06096089952644571
3815       0.048849056961185626
3816       0.032751588876903534
3840       0.03301648500662761
3882       0.017456272018072348
3957       0.023433537359787163
4043       0.025920394748625966
4119       0.03415522363524617
4197       0.02964901969076694
4200       0.031076379869406028
4235       0.03221007807054231
4304       0.07387312761467366
4394       0.046419322952227386
4403       0.01703585343691058
4457       0.03415522363524617
4481       0.022759864645992965
4511       0.025164453271161808
4533       0.048849056961185626
4601       0.013608075362015812
4644       0.046419322952227386
4714       0.02605016990410365
4717       0.03356909849147616
4756       0.02433880830177132
4791       0.03043869138251035
4837       0.017087416780036245
4847       0.04755806158084594
4930       0.0503394017529366
4942       0.026867679518676277
4986       0.025792338519976345
5018       0.021538843785242897
5062       0.05210210551069033
5166       0.03301648500662761
5202       0.06771544008299338
5208       0.03003579542312565
5233       0.031076379869406028
5263       0.028240262758042783
5294       0.01688279318600603
5313       0.023634963477020852
5316       0.013608075362015812
5401       0.06766231849924559
5497       0.02437496089660614
5614       0.02162112601737441
5625       0.08281818424250223
5631       0.038227559187676514
5660       0.08895843563001159
5686       0.010568666473088371
5709       0.01634143477101878
5735       0.011110438670868548
5744       0.057040820725736484
5775       0.09070543450361084
5881       0.03175911784773591
5916       0.003620167510790161
6042       0.04755806158084594
6090       0.01624618174516717
6108       0.026315066033827727
6127       0.02874480004278597
6183       0.0503394017529366
6189       0.0673004409991961
6212       0.032751588876903534
6292       0.012015204647441134
6340       0.02437496089660614
6345       0.04148060773718122
6356       0.013790154263600885
6486       0.03043869138251035
6500       0.07585814921658375
6509       0.021059335404244033
6550       0.04027051746427604
6554       0.13091394834041015
6588       0.012745819437538438
6590       0.04286412156439262
6619       0.0254180425930409
6638       0.03544621901558585
6665       0.05524623666159832
6736       0.022947600717967052
6760       0.04027051746427604
6772       0.021376350818781573
6851       0.018534773044229395
6884       0.0503394017529366
6906       0.02874480004278597
7015       0.040856642608046057
7033       0.032751588876903534
7228       0.02879395906144628
7317       0.04363798278013672
7366       0.038227559187676514
7408       0.016782082859529278
7416       0.0503394017529366
7429       0.021538843785242897
7439       0.052630132067655454
7445       0.06096089952644571
7479       0.01447558243457039
7515       0.023840675576334694
7525       0.025920394748625966
7605       0.023433537359787163
7706       0.01921897577582608
7756       0.06766231849924559
7881       0.01634143477101878
7897       0.011166323820225001
7905       0.04148060773718122
7932       0.028240262758042783
7950       0.03224262379088351
7957       0.03385772004149669
8010       0.03152614021487663
8032       0.013608075362015812
8078       0.0239451966366896
8080       0.03971790397942749
8088       0.017952180918557898
8140       0.06096089952644571
8213       0.017839759838847266
8243       0.013150119624074329
8365       0.03616270259159274
8427       0.027727913883956404
8436       0.07839035293115222
8469       0.1016721703721636
8480       0.027453804662446284
8503       0.015919997905173466
8507       0.06766231849924559
8670       0.0671849616993555
8749       0.019424153067404706
8759       0.03308163603382565
8770       0.014878478393955088
8803       0.03326591495505177
8903       0.026587424999830477
8906       0.03919517646557611
8983       0.03919517646557611
8984       0.042147637988385736
9009       0.03194406624219864
9010       0.0076564974586442605
9043       0.025541204818083627
9075       0.020828214344394583
9084       0.0059786307966876355
9152       0.05210210551069033
9267       0.04755806158084594
9277       0.03654189252213507
9309       0.03971790397942749
9391       0.16835602018432858
9400       0.028405533516196534
9407       0.014674931845981686
9428       0.02505769887493603
9519       0.035797825178718275
9524       0.007913275270720293
9641       0.06766231849924559
9679       0.01439697953072314
9681       0.02098167953357981
9750       0.023737272409710464
9783       0.576529897911372
9808       0.02213009110339443
9811       0.02672653680878026
9846       0.03654189252213507
9924       0.027917962782608993
9925       0.04286412156439262
9927       0.02013075697666791
9930       0.031032333761701527
9969       0.05924660250562678
9986       0.023236222267987577
10001      0.06766231849924559
10019      0.07232540518318548
10056      0.027917962782608993
10118      0.03777779884220591
10138      0.15870171884805284
10181      0.015828788701166368
10205      0.031076379869406028
10234      0.026315066033827727
10305      0.029096406205918388
10342      0.018181022464116032
10348      0.03085910996367212
10350      0.028405533516196534
10387      0.06180746880911243
10428      0.06096089952644571
10486      0.018964537304145938
10517      0.025920394748625966
10518      0.1156952728826765
10523      0.03805504383451566
10591      0.048560382668511766
10613      0.038227559187676514
10668      0.04747454481942093
10755      0.016437635603735415
10831      0.06766231849924559
10832      0.05425948055364582
10875      0.02946128361879285
10876      0.06766231849924559
10968      0.1240628828828432
10969      0.1890196036128854
10971      0.06766231849924559
10998      0.03777779884220591
11017      0.03539998672371855
11127      0.005929595506861831
11181      0.04363798278013672
11263      0.05011539774987206
11276      0.016933544504220965
11278      0.0239451966366896
11337      0.020904642441367523
11345      0.023634963477020852
11377      0.017087416780036245
11555      0.03417483356007249
11559      0.03869926756509056
11598      0.02038191492751614
11662      0.06766231849924559
11683      0.04540068653789045
11757      0.032116891346386164
11769      0.03301648500662761
11777      0.06766231849924559
11876      0.023737272409710464
11902      0.04768135115266939
11913      0.03510695248899642
11937      0.02213009110339443
11960      0.0814689032060904
12089      0.04968647292342457
12094      0.022759864645992965
12174      0.010489956915548389
12178      0.05425948055364582
12259      0.024710304475720785
12292      0.03249375749277623
12355      0.023634963477020852
12463      0.057040820725736484
12616      0.07387312761467366
12622      0.06096089952644571
12631      0.06096089952644571
12639      0.026315066033827727
12640      0.09004442751460451
12759      0.01081201988148567
12769      0.015213337974976019
12771      0.06766231849924559
12807      0.012138366872483859
12808      0.040856642608046057
12830      0.0503394017529366
12845      0.0778010649427763
12871      0.008034128143329017
12919      0.025541204818083627
12941      0.03138713652063724
12958      0.027453804662446284
13007      0.029096406205918388
13024      0.038227559187676514
13038      0.026450286474675476
13063      0.02354697891921879
13171      0.012658046425086927
13372      0.028240262758042783
13376      0.05180090880035351
13378      0.05460781715167472
13381      0.048849056961185626
13384      0.03249375749277623
13453      0.06766231849924559
13619      0.048849056961185626
13655      0.01988600602703059
13715      0.01890196036128854
13733      0.0508360851860818
13783      0.025541204818083627
13784      0.03548788827913562
13824      0.026231549272402715
13825      0.01688279318600603
13828      0.05425948055364582
13848      0.040856642608046057
13880      0.028573678692067006
13883      0.012485383382589671
13885      0.0503394017529366
13898      0.025920394748625966
13912      0.017618764984533675
13959      0.02098167953357981
13982      0.016389415534106475
13983      0.023840675576334694
14023      0.042118670808488065
14091      0.027917962782608993
14093      0.019681020880152823
14114      0.011984657690215575
14142      0.023145454362080608
14165      0.03129864492064964
14209      0.007833537879202294
14245      0.024597225947849754
