282
t_index    tf-idf
270        0.056440597616600495
306        0.03970893321677448
321        0.03792551328465571
847        0.07197541903571436
939        0.027002455131828345
974        0.02964170010997132
993        0.06748155971469165
1008       0.055630906675769726
1017       0.03751453285277362
1026       0.03445356993505925
1057       0.03771844231238421
1063       0.039011950203658406
1070       0.04598621246991595
1079       0.022247986368081417
1099       0.0517114160664463
1144       0.05414539820679181
1241       0.029754408037686017
1248       0.044540932375248754
1249       0.029754408037686017
1298       0.1146718844747333
1319       0.047934081650778226
1364       0.01676830587733159
1503       0.07495568194854527
1513       0.04262970467189206
1515       0.05486750975069536
1534       0.028256990686801226
1590       0.057302561853803204
1593       0.02297726881694847
1742       0.014636315954811267
1753       0.0787979090985789
1875       0.043236891510105555
1920       0.03016310171154974
1950       0.0787979090985789
2046       0.03563031387484703
2357       0.05775660636979393
2429       0.024956812833829757
2564       0.04099373174342725
2605       0.025771443967124347
2667       0.025036076034863332
2785       0.05418976650555639
2852       0.050480071790938656
2866       0.09521417007715742
2927       0.05414539820679181
2939       0.0215564723408219
2975       0.023605072595936832
3005       0.2237991688617991
3110       0.06795869868826632
3119       0.06748155971469165
3171       0.0784805204212633
3189       0.05218739003468476
3213       0.05218739003468476
3242       0.06271787686974196
3250       0.02986807519333761
3345       0.02487801726502164
3428       0.02750768225436677
3446       0.05248045312240061
3506       0.07197541903571436
3538       0.08038930513756844
3559       0.03144116305924274
3581       0.08421322411451766
3759       0.05822401754871926
3857       0.10905727625625176
3899       0.04233615856593132
3914       0.04637336450979733
3957       0.09711538455660011
4008       0.052808702532780506
4235       0.06674395910424426
4284       0.057302561853803204
4300       0.041767740434689345
4303       0.053460334703769576
4402       0.02411462033994728
4439       0.03445356993505925
4471       0.04749736968347514
4547       0.03994958495588146
4565       0.053460334703769576
4601       0.018798605485333124
4615       0.050480071790938656
4671       0.06144493220065716
4699       0.07495568194854527
4756       0.033622363418508674
4761       0.08525940934378412
4792       0.08840558507559437
4813       0.03653922301160821
4837       0.023605072595936832
4895       0.0385667153026948
4924       0.05159370073190371
4955       0.09347076628049006
4957       0.04852769764349836
4985       0.047183055450628106
4993       0.04149235314889325
5019       0.0385667153026948
5094       0.11440753605260806
5316       0.018798605485333124
5336       0.04262970467189206
5399       0.08840558507559437
5406       0.08421322411451766
5440       0.03545572563485875
5465       0.03545572563485875
5476       0.040698705225215126
5528       0.03947254102488067
5595       0.09347076628049006
5632       0.01807124917003931
5673       0.2707269910339591
5709       0.022574550562981372
5731       0.028056147651305516
5735       0.015348294875382543
5764       0.08421322411451766
5838       0.03144116305924274
5870       0.05486750975069536
5916       0.030006051119965398
6002       0.044540932375248754
6019       0.03511325019919554
6113       0.03413555943099403
6189       0.026563102226874333
6266       0.050480071790938656
6356       0.03810026953656084
6361       0.017607459160784825
6370       0.02909200070663394
6392       0.0709114512697175
6518       0.04677207501874601
6525       0.09347076628049006
6533       0.07495568194854527
6539       0.05822401754871926
6623       0.09347076628049006
6645       0.11460512370760641
6665       0.0254396055264274
6721       0.03580721460902751
6760       0.055630906675769726
6772       0.05905987071177208
6798       0.056440597616600495
6906       0.03970893321677448
6993       0.06340101465577237
7139       0.028358556272637014
7169       0.06748155971469165
7316       0.05159370073190371
7398       0.02077948960089515
7404       0.025771443967124347
7408       0.046366550229293986
7452       0.06569813978257288
7455       0.0518763908312482
7497       0.06144493220065716
7569       0.030696589750765085
7577       0.045244032086513265
7680       0.06412505191666776
7706       0.02654967244305512
7707       0.05651398137360245
7731       0.08421322411451766
7797       0.07495568194854527
7800       0.017607459160784825
7897       0.06170198522086747
7932       0.039011950203658406
7957       0.04677207501874601
8035       0.048045019687830814
8127       0.06954036693260651
8145       0.08585969573742476
8147       0.034779337552845464
8284       0.051025282600661734
8287       0.059213789557159904
8365       0.049956247391187515
8396       0.030692042789909068
8407       0.059213789557159904
8408       0.030692042789909068
8427       0.019152088012781746
8521       0.019673865701905376
8523       0.09347076628049006
8583       0.02920014550943709
8657       0.07989387326899076
8745       0.05437591095465402
8770       0.02055357852666847
8917       0.04637336450979733
8934       0.041767740434689345
9010       0.010576916374689157
9075       0.028772723108011183
9084       0.02477718237873096
9114       0.03759721097066625
9409       0.04735337138139036
9432       0.06271787686974196
9435       0.02747112813797117
9524       0.010931636984194163
9597       0.06569813978257288
9601       0.06748155971469165
9662       0.06569813978257288
9753       0.020899006664532104
9777       0.10205056520132347
9853       0.016305538602071488
9860       0.044540932375248754
9927       0.018539489651456447
9942       0.052808702532780506
9980       0.06748155971469165
9982       0.0762716907017387
10050      0.04945219473475661
10062      0.03382494519469289
10063      0.09347076628049006
10071      0.04233615856593132
10187      0.03563031387484703
10189      0.09347076628049006
10203      0.09347076628049006
10351      0.07495568194854527
10397      0.042048925771444166
10428      0.08421322411451766
10430      0.09347076628049006
10466      0.08467231713186264
10519      0.04387300269134824
10558      0.06412505191666776
10651      0.026910662260714455
10679      0.07197541903571436
10687      0.04637336450979733
10730      0.048497802376604046
10753      0.05486750975069536
10755      0.04541489058604297
10775      0.03924026021063165
10848      0.0787979090985789
10855      0.039011950203658406
10927      0.06748155971469165
10943      0.02297726881694847
10968      0.11425613731277763
11017      0.03260173913413899
11104      0.048497802376604046
11114      0.023392508796043723
11125      0.03223481098292086
11127      0.008191321965502938
11237      0.06271787686974196
11273      0.016682964946876332
11276      0.023392508796043723
11282      0.02815619164099341
11337      0.028878303184896963
11446      0.04945219473475661
11582      0.026285192311947432
11623      0.07197541903571436
11640      0.04122252962496627
11820      0.04677207501874601
11957      0.07197297984108175
12067      0.05486750975069536
12070      0.06271787686974196
12082      0.05137541641170481
12089      0.017159597841666836
12136      0.09347076628049006
12174      0.014491142675765182
12203      0.04898173045028051
12244      0.05486750975069536
12282      0.04262970467189206
12344      0.03672867030394356
12374      0.05159370073190371
12428      0.04637336450979733
12440      0.02728168084563582
12514      0.0692309210507517
12551      0.1041033921732159
12767      0.025115812451840185
12769      0.06304849093610095
12799      0.031186758983063105
12915      0.01835745605446154
12969      0.08421322411451766
12985      0.03209921783683486
12998      0.07270485083750118
13022      0.06954036693260651
13084      0.0689071398701185
13090      0.057302561853803204
13287      0.07197541903571436
13376      0.014311867364251812
13443      0.09347076628049006
13471      0.06271787686974196
13509      0.03405530029195008
13515      0.016940641302913974
13521      0.08421322411451766
13638      0.04387300269134824
13662      0.09347076628049006
13663      0.19974792477940728
13665      0.04262970467189206
13784      0.02451201927971336
13824      0.03623705284712126
13844      0.030814014506794284
13883      0.034495369888614305
13914      0.014276299273526997
13970      0.04945219473475661
13982      0.04528166527073352
14112      0.03307861639995893
14124      0.08020652388300009
14134      0.048966475382746864
14139      0.049956247391187515
14142      0.010657942771883715
14209      0.010821485348073716
14225      0.02527672777397031
