264
t_index    tf-idf
311        0.03345895786609019
312        0.03648426874808519
428        0.02887452732811462
619        0.04028414514384576
883        0.06790857841453649
968        0.02632862676030063
969        0.027031265367045795
970        0.0436622283325969
1071       0.02408527339601498
1073       0.38896149295740856
1079       0.017940521132261713
1249       0.023993613504900646
1299       0.025129084265665933
1358       0.034139392880092496
1386       0.015361810265808847
1406       0.13581715682907297
1449       0.02632862676030063
1459       0.09102610164404032
1470       0.040706551134116066
1534       0.022786113321157923
1550       0.01886345089612852
1597       0.06044340255036438
1600       0.03948600434405517
1643       0.013730901854331203
1645       0.024555652615710955
1651       0.046208128900410886
1712       0.04063557583699986
1761       0.06354173047270716
1827       0.05170970666670571
1920       0.0243231793977984
1934       0.011090939796062212
1962       0.028470547299906983
2140       0.027782963782672043
2300       0.05170970666670571
2316       0.02535379341550154
2508       0.03838980755603798
2517       0.06790857841453649
2564       0.016528437640728533
2617       0.026104244223573696
2667       0.02018880467388162
2779       0.025884441243500696
2946       0.03281896927967365
2982       0.1535592302241519
3005       0.10527363227186343
3058       0.052978226686192266
3105       0.0544163560723994
3175       0.08621960195613622
3206       0.03874295303623877
3217       0.05057497684224022
3295       0.022868014645118263
3346       0.07478989893266819
3354       0.04709332511357065
3401       0.04114620288019082
3542       0.023723223432298584
3638       0.04028414514384576
3649       0.0436622283325969
3713       0.06790857841453649
3716       0.009434676934079117
3774       0.019872947074662247
3792       0.03511915640222584
3812       0.06790857841453649
3864       0.05430592252597452
4045       0.0256690346191163
4076       0.04774932100801787
4093       0.06044340255036438
4096       0.06044340255036438
4162       0.05170970666670571
4370       0.014648831244108988
4471       0.019150667175788928
4537       0.06790857841453649
4589       0.09972412580983185
4607       0.06790857841453649
4756       0.013556344188787725
4843       0.042584332266397955
4864       0.08705727865173926
4999       0.1956793511932188
5018       0.023993613504900646
5067       0.03345895786609019
5090       0.018419265379328587
5108       0.046918911655387516
5282       0.011832023806001447
5307       0.048611378744362936
5397       0.0489198377983047
5398       0.04208331299133148
5402       0.16282620453646426
5423       0.03948600434405517
5431       0.03496431053637586
5440       0.028591090649194385
5501       0.03345895786609019
5515       0.029165625378297717
5561       0.02715296126298726
5735       0.03713006705420735
5775       0.03368102701601871
5896       0.06790857841453649
5916       0.024196535601342495
6018       0.06354173047270716
6090       0.01809774979616054
6147       0.08205682491752278
6189       0.021420181087640766
6212       0.03648426874808519
6277       0.022075747841763776
6326       0.06790857841453649
6361       0.02839690639263334
6409       0.023812601307894556
6464       0.06354173047270716
6509       0.023459455827693758
6571       0.05170970666670571
6588       0.01419845319631667
6616       0.03345895786609019
6659       0.046951180208227285
6660       0.034139392880092496
6721       0.02887452732811462
6772       0.023812601307894556
6796       0.014725759944035084
6851       0.020647170537955402
6880       0.03771646504950214
6883       0.04310980097806811
6896       0.03221488728320732
6954       0.034618137127159374
7012       0.02408527339601498
7091       0.04551305082202016
7188       0.04016775517823136
7398       0.02513451326345498
7408       0.018694727254331234
7439       0.029314179074189376
7467       0.018583695629720155
7502       0.06044340255036438
7555       0.022786113321157923
7569       0.02475337803613823
7587       0.020986945473672202
7628       0.06354173047270716
7660       0.017582341778541555
7715       0.030415719435721602
7897       0.037316830097900676
7909       0.042584332266397955
7932       0.18875273621443656
7934       0.05607655460853504
8106       0.018583695629720155
8113       0.031642895941103324
8115       0.017432409349728773
8213       0.039745894149324494
8399       0.048611378744362936
8657       0.012885100682881925
8661       0.04424453080253359
8690       0.03901150673273006
8745       0.043848111169625725
8749       0.01081895634710559
8917       0.03739494946633409
8942       0.02177447023297917
8979       0.03109975704958978
9009       0.023723142146728892
9010       0.017058208198699066
9103       0.02469139254185954
9119       0.020647170537955402
9147       0.022868014645118263
9384       0.05057497684224022
9391       0.026791922801708667
9397       0.03368102701601871
9407       0.016347425443722443
9411       0.031277777172066666
9484       0.024555652615710955
9506       0.4861137874436293
9524       0.008815146731953957
9648       0.05170970666670571
9650       0.10341941333341143
9747       0.017683469021061438
9786       0.02644259578359311
9810       0.016528437640728533
9889       0.0544163560723994
9927       0.014950031898189471
9930       0.03456907110972621
10030      0.034139392880092496
10065      0.13770326142929695
10192      0.04774932100801787
10211      0.04208331299133148
10234      0.029314179074189376
10388      0.021924055584812863
10458      0.03145878936907276
10464      0.036779354938361486
10482      0.07609574991569609
10553      0.04551305082202016
10606      0.032020828479883065
10615      0.048611378744362936
10616      0.0873244566651938
10668      0.02644259578359311
10746      0.1589346800585768
10755      0.01831102354159973
10814      0.03221488728320732
10866      0.04310980097806811
10926      0.06790857841453649
11017      0.03067128009889944
11069      0.03281896927967365
11145      0.06044340255036438
11231      0.021924055584812863
11337      0.02328713259622439
11345      0.05265725352060126
11347      0.032020828479883065
11348      0.06790857841453649
11373      0.035917297202016425
11380      0.018150673598966233
11407      0.07997139981760822
11517      0.0348657335992987
11525      0.08621960195613622
11547      0.028731876604252676
11598      0.04540966025257539
11609      0.0436622283325969
11700      0.05057497684224022
11757      0.01788861755132943
11840      0.05170970666670571
11903      0.04709332511357065
11982      0.028731876604252676
11984      0.019209041151748273
12070      0.05057497684224022
12113      0.02155391701974097
12130      0.046208128900410886
12201      0.030251289185330033
12243      0.019687785398815147
12381      0.018257307858186453
12405      0.060156361298207665
12436      0.03708275450010313
12440      0.021999634647248176
12613      0.029314179074189376
12735      0.028731876604252676
12769      0.01694719341161172
12800      0.020986945473672202
12831      0.029617578635931018
12871      0.008949773137402769
12915      0.014803242092602658
12941      0.01748215526818793
12985      0.025884441243500696
13000      0.03437610509440944
13065      0.027913510498614666
13171      0.02115101511567976
13173      0.06354173047270716
13197      0.0416045687442646
13376      0.011540925755818351
13448      0.046208128900410886
13467      0.03910807180527544
13515      0.013660738920850167
13543      0.046208128900410886
13620      0.014881285710911055
13698      0.03838980755603798
13784      0.008784982806614074
13808      0.030089331664187903
13860      0.03546878194058572
13898      0.02887452732811462
13914      0.01151224405524889
13982      0.018257307858186453
13995      0.06075930961904189
14010      0.023033709793297254
14015      0.030089331664187903
14022      0.0544163560723994
14023      0.023459455827693758
14032      0.021924055584812863
14072      0.025562925660332646
14113      0.04208331299133148
14117      0.022075747841763776
14118      0.06044340255036438
14142      0.017188885714146087
14145      0.02577619940577184
14171      0.03537868636278677
14200      0.042584332266397955
14209      0.01745264343096765
14236      0.02691092923023733
