305
t_index    tf-idf
14         0.03650338596712434
142        0.02713183698100939
242        0.026837822395194378
300        0.041653346670733706
311        0.05936709429057173
312        0.03236749081604367
315        0.023357781698935598
412        0.02499976280433129
430        0.04099413909423928
454        0.03777924104926258
475        0.023561081285722527
480        0.04312621327091738
525        0.029683547145285864
541        0.04587493495323929
570        0.03650338596712434
669        0.04037749158859547
887        0.03375466428480243
938        0.04486824471571041
967        0.020000273243710946
998        0.021532302386529614
1000       0.032112683179406736
1036       0.029880558663331298
1076       0.03650338596712434
1085       0.04099413909423928
1103       0.06579689038052514
1105       0.01779768420743819
1136       0.05362314619618155
1266       0.023819720918410503
1269       0.049296031190171924
1275       0.023561081285722527
1319       0.03429194693877733
1364       0.0119960127657793
1501       0.06686880080376763
1513       0.030497206168975114
1527       0.17515259683470333
1588       0.06686880080376763
1609       0.0427351235037885
1646       0.026552585687909327
1650       0.028072404324136022
1679       0.013923578585967062
1712       0.018025188291292925
1776       0.04974904057471041
1883       0.06686880080376763
2088       0.030287203867000755
2166       0.051491072019503446
2217       0.039798240295495405
2286       0.05362314619618155
2338       0.04486824471571041
2378       0.04827617397452674
2389       0.021449577020342985
2483       0.023060719841492827
2508       0.03405801421098669
2571       0.03736057085344503
2768       0.039798240295495405
2769       0.05715970767997482
2779       0.022963716773723247
2802       0.03317053806894596
2854       0.04974904057471041
2861       0.026413098245529624
2883       0.03138665910609185
2906       0.02759055163293131
2931       0.03375466428480243
2938       0.032112683179406736
3005       0.12007911113428021
3064       0.0470003188923885
3073       0.04827617397452674
3163       0.050239899095230786
3175       0.07649083482383474
3177       0.0254898558756137
3211       0.04037749158859547
3263       0.08713945903741836
3295       0.04057530982011882
3354       0.20889726180827684
3428       0.009839470662521574
3435       0.025119949547615393
3506       0.051491072019503446
3620       0.060245973499974584
3669       0.03925210764944625
3716       0.008370095646556492
3822       0.05637186787850346
3833       0.04486824471571041
3858       0.03367212697589294
3882       0.034503103122778066
4006       0.022221229178610732
4045       0.022772616001370705
4060       0.0470003188923885
4096       0.05362314619618155
4119       0.03375466428480243
4159       0.03573860029862955
4247       0.05637186787850346
4328       0.09415997731827554
4496       0.027748484486653204
4615       0.03611334323523927
4716       0.19899616229884165
4726       0.03925210764944625
4792       0.03162259010812433
4813       0.052280175338578844
4815       0.06686880080376763
4828       0.03611334323523927
4843       0.03777924104926258
5008       0.0470003188923885
5029       0.04236142760242258
5081       0.04712216257144505
5090       0.01634088946993021
5096       0.030931586428716733
5121       0.03375466428480243
5124       0.008864600964561428
5263       0.05581814359597136
5316       0.026896970156748
5388       0.026552585687909327
5389       0.051491072019503446
5398       0.037334755320458546
5431       0.04652856034978802
5432       0.07499928841299387
5515       0.05174932341905669
5528       0.028238577557935608
5632       0.0258562716261552
5640       0.03925210764944625
5649       0.06686880080376763
5657       0.05390340723730983
5658       0.021532302386529614
5735       0.010980139711486078
5769       0.06686880080376763
5881       0.0627733182121837
5916       0.003577711576022888
5963       0.05362314619618155
5978       0.05362314619618155
5990       0.03236749081604367
6090       0.01605565276264516
6147       0.018199443335773422
6154       0.011965437635343395
6189       0.038006381293778424
6229       0.02790907179798568
6247       0.04395758262425158
6285       0.03573860029862955
6342       0.037334755320458546
6361       0.07557804816212882
6380       0.094000637784777
6489       0.03071192801666551
6547       0.06811602842197338
6588       0.050385365441419215
6660       0.06057440773400151
6708       0.04236142760242258
6714       0.04037749158859547
6796       0.03919244508137508
6804       0.03971952024307534
6810       0.06686880080376763
6880       0.03346064969898742
6896       0.02857985383998741
6906       0.028407692063147628
7052       0.027282308123998407
7076       0.04486824471571041
7087       0.04554523200274141
7142       0.060245973499974584
7386       0.02169993335472944
7398       0.007432802822844975
7429       0.02128624449419264
7453       0.017304781337544782
7456       0.03317541299170236
7489       0.06525856069130642
7569       0.010980139711486078
7605       0.04631743565975279
7616       0.018376935500538254
7632       0.037334755320458546
7638       0.02286768862765319
7663       0.02713183698100939
7681       0.03437131179044624
7721       0.029683547145285864
7733       0.04974904057471041
7792       0.03691003117079379
7839       0.041653346670733706
7881       0.016149788697577664
7889       0.04827617397452674
7897       0.01103536946126545
7938       0.05362314619618155
7957       0.03346064969898742
8004       0.06686880080376763
8032       0.026896970156748
8052       0.08625242654183476
8064       0.022963716773723247
8070       0.11274373575700691
8076       0.026552585687909327
8079       0.04236142760242258
8106       0.03297353178578847
8130       0.039798240295495405
8173       0.030497206168975114
8222       0.037334755320458546
8252       0.07959648059099081
8287       0.08472285520484515
8296       0.03186449467715841
8373       0.039798240295495405
8427       0.05480546310960291
8494       0.032112683179406736
8749       0.01919635405725358
8866       0.04974904057471041
8901       0.04486824471571041
8962       0.03262928034565321
8963       0.04587493495323929
8979       0.05518110326586262
9007       0.04037749158859547
9010       0.015133409991629078
9047       0.06686880080376763
9075       0.041167898085225245
9081       0.060245973499974584
9099       0.06686880080376763
9119       0.03663480868310583
9122       0.025616410309975104
9261       0.05637186787850346
9325       0.03437131179044624
9391       0.33276321082454385
9406       0.04037749158859547
9407       0.014502829879067125
9409       0.03387650796385898
9428       0.024763831802298814
9474       0.030287203867000755
9524       0.03128188566515499
9545       0.06686880080376763
9560       0.021957026536194368
9582       0.03573860029862955
9608       0.04312621327091738
9699       0.06811602842197338
9753       0.014951107915961362
9811       0.026413098245529624
9844       0.060245973499974584
9853       0.023329899949855112
9910       0.06686880080376763
9927       0.03978934237427499
9930       0.01533419923240133
9969       0.07806904146198554
9982       0.027282308123998407
9991       0.02286768862765319
10029      0.03503051936694066
10056      0.05518110326586262
10073      0.023060719841492827
10211      0.037334755320458546
10284      0.03186449467715841
10305      0.028755174724182084
10353      0.025744663512250635
10359      0.03289844519026257
10387      0.04072174302873073
10467      0.060245973499974584
10492      0.04312621327091738
10518      0.02286768862765319
10520      0.04312621327091738
10606      0.028407692063147628
10607      0.025364955795010705
10680      0.014703989311268368
10736      0.05637186787850346
10762      0.094000637784777
10819      0.05362314619618155
10841      0.030081718095532544
10855      0.08372721539395704
10892      0.16086943858854463
11010      0.02857985383998741
11017      0.023323219513095725
11155      0.3089464321170207
11157      0.09174986990647858
11234      0.07959648059099081
11264      0.018557787337192932
11345      0.23357781698935598
11351      0.027435186907193657
11377      0.0506610663479381
11386      0.014826749716549946
11392      0.020360871514365365
11407      0.014189532299607578
11602      0.06686880080376763
11660      0.057172483247302876
11678      0.06686880080376763
11771      0.07555848209852516
11957      0.025744663512250635
12109      0.051491072019503446
12174      0.01036693472798646
12304      0.03824541741191737
12436      0.03289844519026257
12600      0.03162259010812433
12767      0.01796780241243661
13018      0.04974904057471041
13031      0.028933772823331833
13065      0.024763831802298814
13171      0.025019195432193705
13205      0.15447321605851036
13467      0.03469523162792906
13515      0.012119301187424629
13525      0.03186449467715841
13540      0.03236749081604367
13611      0.04099413909423928
13698      0.03405801421098669
13700      0.03375466428480243
13715      0.018680285426722516
13784      0.04481383882418803
13824      0.01296195786647534
13883      0.012338959599475854
13909      0.0470003188923885
13995      0.05390340723730983
13997      0.11620653144959932
14010      0.02043465350345257
14072      0.022678480066438196
14092      0.044621891039077585
14112      0.023664376563207714
14139      0.03573860029862955
14142      0.007624671119656843
14209      0.030966676617147658
14225      0.03616584182944648
14236      0.023874378865182073
14247      0.03824541741191737
