497
t_index    tf-idf
10         0.010062633407161436
77         0.00986534575481773
97         0.03566413366595561
142        0.014470626795495285
187        0.008898752011388983
201        0.03566413366595561
256        0.03213188252087889
269        0.03213188252087889
270        0.021535129085648728
277        0.021535129085648728
315        0.012457753670439903
319        0.01194773224785321
331        0.01593664347757276
335        0.03213188252087889
448        0.03566413366595561
477        0.01886867684172771
478        0.021535129085648728
491        0.024467162449803678
519        0.021864014885927947
617        0.011618846447573987
618        0.01273327813277526
635        0.01946889462264948
737        0.019061000089187638
739        0.021535129085648728
824        0.03213188252087889
878        0.03373149411754751
947        0.010820317214966005
965        0.011309905726415811
983        0.009522368802573108
1038       0.03566413366595561
1047       0.04846057686531305
1057       0.014391618062312664
1073       0.013145893334671189
1074       0.03566413366595561
1079       0.008488805550695802
1091       0.021864014885927947
1105       0.009492304047462137
1135       0.013730784904912256
1184       0.03566413366595561
1190       0.049140150238667885
1213       0.013870409014573514
1219       0.030065648057879642
1247       0.10699240099786685
1249       0.03405872962107874
1260       0.4279696039914674
1271       0.028599631375802168
1275       0.025132364935161477
1298       0.02187675130083713
1299       0.0059450867794104975
1319       0.009144717451112899
1340       0.01926086732205222
1364       0.025592048763832923
1387       0.01593664347757276
1429       0.02221559988280415
1435       0.020934911304726956
1439       0.01416168607433711
1477       0.029430559828399684
1480       0.08365009416691759
1481       0.06552020031822385
1499       0.03566413366595561
1593       0.008767066099652688
1643       0.02598786401304759
1645       0.011618846447573987
1647       0.014470626795495285
1649       0.023930249348927197
1664       0.018002877940572006
1679       0.007426069584462891
1686       0.028599631375802168
1766       0.03566413366595561
1767       0.07132826733191122
1861       0.023001145767726203
1917       0.02653339691280292
1919       0.011996497799034197
1920       0.011508848531233892
1947       0.00996303490370501
1961       0.021226188364490552
1966       0.054494004226970115
2059       0.015336425696650988
2065       0.3871811737523798
2207       0.037130347922314455
2238       0.015431680081416379
2248       0.017127135697314878
2269       0.02221559988280415
2280       0.021226188364490552
2326       0.02653339691280292
2353       0.03566413366595561
2357       0.011018628666652215
2362       0.017263036049988974
2387       0.028627631233113432
2429       0.02856710640771933
2430       0.02653339691280292
2489       0.01273327813277526
2550       0.005626485465387229
2565       0.030065648057879642
2588       0.03213188252087889
2625       0.01308486312965146
2657       0.04079599640770095
2739       0.010481715565775733
2747       0.01946889462264948
2861       0.028174582317543537
2938       0.017127135697314878
2939       0.00822495568959528
2945       0.014715279914199842
2985       0.030065648057879642
3025       0.018002877940572006
3041       0.028599631375802168
3103       0.013541280832253762
3128       0.020397998203850475
3140       0.020397998203850475
3142       0.014498626652806547
3169       0.011573548716336401
3177       0.027189769104476316
3271       0.014313815616556716
3290       0.020934911304726956
3292       0.04131877368478319
3314       0.07332705496340491
3371       0.020659386842391596
3428       0.005247831465382677
3446       0.005006030145806888
3465       0.028599631375802168
3574       0.028599631375802168
3587       0.03566413366595561
3716       0.004464147799085469
3762       0.013270191233651744
3767       0.01339759689989445
3793       0.02746250049400392
3796       0.039371553533695466
3806       0.01002921714833862
3846       0.03566413366595561
3910       0.03632933615131341
3928       0.023930249348927197
3931       0.008018798809723799
3964       0.03566413366595561
4001       0.008872141187419318
4043       0.013662381713976254
4050       0.017846066761633438
4086       0.02574785102788087
4095       0.013662381713976254
4104       0.03566413366595561
4192       0.07132826733191122
4213       0.017263036049988974
4217       0.021535129085648728
4231       0.07132826733191122
4248       0.03566413366595561
4250       0.030065648057879642
4251       0.017546217855929174
4301       0.042452376728981105
4309       0.07132826733191122
4315       0.014715279914199842
4316       0.021535129085648728
4370       0.006931296981813028
4375       0.046889104739418805
4417       0.01886867684172771
4423       0.010978344178524484
4424       0.016865747058773754
4433       0.018683348737727427
4447       0.016153525621771015
4463       0.017263036049988974
4471       0.009061402878037281
4547       0.015242919197757708
4560       0.022705819747385825
4591       0.02221559988280415
4601       0.007172680886670183
4617       0.0157286161769755
4725       0.01583156838980613
4727       0.02910175962345787
4799       0.01886867684172771
4844       0.016153525621771015
4849       0.017546217855929174
4861       0.025067380230725446
4883       0.023001145767726203
4886       0.0201493654198049
4928       0.011484143594896041
4938       0.05013476046145089
4951       0.025029590259230895
4986       0.027189769104476316
4999       0.03472064614900921
5079       0.013594884552238158
5093       0.016865747058773754
5124       0.004727889686899617
5146       0.009144717451112899
5281       0.03213188252087889
5294       0.008898752011388983
5313       0.024915507340879807
5331       0.021535129085648728
5338       0.01572805774607141
5423       0.018683348737727427
5424       0.020934911304726956
5560       0.03213188252087889
5623       0.07132826733191122
5640       0.020934911304726956
5690       0.017402660159650234
5766       0.03213188252087889
5829       0.03213188252087889
5843       0.026616423562257956
5861       0.013333495913697032
5874       0.01991230122463268
5916       0.024806004748305
5923       0.07960019073840877
5970       0.01991230122463268
5983       0.020125266814322872
6015       0.012247581153557468
6042       0.07520214069217634
6090       0.008563200466261143
6098       0.03566413366595561
6127       0.015151097592650709
6154       0.006381705101170273
6158       0.03566413366595561
6189       0.04054101902016514
6200       0.021184203426253975
6244       0.060131296115759285
6253       0.01833176374085123
6277       0.010445445226110921
6284       0.03982460244926536
6286       0.03213188252087889
6292       0.03799856765844606
6325       0.008086595302497265
6356       0.0072686528608488805
6361       0.013436388766594637
6462       0.01926086732205222
6486       0.016043930834186888
6588       0.006718194383297319
6603       0.03566413366595561
6620       0.016043930834186888
6660       0.016153525621771015
6673       0.028599631375802168
6707       0.025353937192379238
6759       0.00822495568959528
6776       0.03213188252087889
6836       0.07118591588411813
6971       0.02746250049400392
6977       0.07132826733191122
6979       0.020397998203850475
7052       0.014550879811728935
7055       0.024467162449803678
7138       0.03566413366595561
7139       0.02164063442993201
7172       0.028599631375802168
7188       0.00475148214204877
7228       0.015177008821400695
7231       0.041637724864304844
7253       0.03213188252087889
7328       0.3871811737523798
7386       0.023147097432672802
7408       0.008845668602119626
7455       0.006597879423822814
7459       0.02574785102788087
7462       0.014885161018769634
7465       0.025319416638436173
7467       0.017586264908473394
7479       0.007629935217854434
7515       0.012566182467580738
7522       0.011440022443001853
7529       0.012511679689110166
7540       0.018504524733155298
7550       0.016265529277851982
7569       0.01756860444486584
7593       0.013145893334671189
7605       0.012351583971733573
7622       0.03318228240287192
7705       0.014632416930579985
7707       0.010781564471479994
7721       0.03166313677961226
7800       0.026872777533189274
7807       0.10699240099786685
7841       0.011396280018112426
7844       0.042452376728981105
7881       0.008613407386765892
7897       0.005885657986820074
7969       0.02574785102788087
8000       0.03566413366595561
8017       0.013594884552238158
8064       0.012247581153557468
8069       0.014087291158771768
8071       0.03213188252087889
8072       0.023930249348927197
8106       0.008793132454236697
8115       0.01649677087516393
8147       0.013270191233651744
8215       0.03213188252087889
8216       0.05492500098800784
8237       0.021797436329187413
8258       0.017797504022777966
8470       0.0444311997656083
8473       0.016265529277851982
8480       0.014470626795495285
8483       0.023444552369709402
8494       0.017127135697314878
8495       0.03452607209997795
8521       0.030026559277936172
8524       0.019685776766847733
8525       0.06426376504175778
8535       0.03566413366595561
8536       0.05149570205576174
8539       0.03566413366595561
8582       0.014972273588078575
8599       0.021226188364490552
8630       0.019475880177150046
8643       0.018683348737727427
8690       0.00922941681717071
8691       0.014313815616556716
8693       0.011484143594896041
8789       0.03566413366595561
8854       0.016380050079555963
8885       0.013462514481111671
8891       0.03566413366595561
8980       0.023001145767726203
8992       0.011618846447573987
8994       0.013662381713976254
9008       0.03281512695125569
9009       0.005612466306036177
9010       0.004035663495349821
9017       0.014632416930579985
9075       0.010978344178524484
9084       0.015756383508706093
9092       0.03566413366595561
9103       0.011683073669851775
9119       0.009769494128772994
9147       0.010820317214966005
9173       0.15701835755581753
9230       0.03737833873590992
9276       0.018504524733155298
9337       0.01946889462264948
9352       0.030065648057879642
9407       0.023205030916863194
9435       0.010481715565775733
9456       0.03213188252087889
9466       0.025067380230725446
9468       0.02574785102788087
9484       0.011618846447573987
9516       0.032994407545339346
9524       0.004171008520697029
9559       0.023930249348927197
9657       0.05306679382560584
9673       0.033087693625990185
9736       0.009116794306123875
9747       0.008367177791262937
9785       0.01593664347757276
9793       0.009462415626239664
9796       0.030065648057879642
9797       0.10699240099786685
9806       0.01926086732205222
9810       0.007820658728616191
9849       0.020659386842391596
9853       0.00622144154092654
9957       0.011396280018112426
9973       0.028599631375802168
9982       0.014550879811728935
9984       0.018002877940572006
10019      0.038122000178375276
10058      0.01833176374085123
10062      0.012906039125079328
10070      0.03213188252087889
10075      0.01833176374085123
10103      0.011018628666652215
10130      0.020397998203850475
10146      0.030065648057879642
10166      0.019061000089187638
10181      0.008343196753076964
10182      0.028599631375802168
10256      0.03566413366595561
10282      0.03566413366595561
10305      0.015336425696650988
10342      0.01916607144791248
10343      0.028599631375802168
10388      0.031121009814054457
10458      0.014885161018769634
10464      0.017402660159650234
10486      0.009996018586557942
10540      0.012255296392224297
10553      0.08614051634259491
10566      0.03566413366595561
10591      0.015357416211320637
10604      0.018504524733155298
10637      0.00934458468397748
10649      0.030065648057879642
10680      0.007842297662235194
10707      0.017127135697314878
10755      0.008664113886822058
10788      0.02259325123426436
10790      0.03566413366595561
10805      0.04414583974259953
10826      0.01394168236115293
10833      0.02574785102788087
10855      0.014885161018769634
10879      0.023930249348927197
10895      0.028599631375802168
10912      0.02574785102788087
10943      0.008767066099652688
10949      0.033087693625990185
11009      0.02746250049400392
11017      0.01865898015749828
11020      0.007609177709682616
11042      0.03213188252087889
11070      0.057199262751604335
11104      0.018504524733155298
11107      0.02221559988280415
11115      0.11511195155291656
11127      0.003125430689226648
11168      0.030672851393301975
11250      0.009737940088575023
11263      0.013207663317758583
11273      0.006365450027706033
11278      0.025242548953388587
11280      0.01062943492926039
11432      0.03736669747545485
11451      0.01699476562618839
11577      0.03213188252087889
11632      0.011890173558820995
11657      0.013333495913697032
11757      0.016928493307914953
11769      0.03480532031930047
11867      0.02221559988280415
11869      0.01152865008923891
11876      0.012511679689110166
11907      0.014237183176823626
11908      0.020659386842391596
11932      0.03380178435209336
11937      0.011664550441913009
12021      0.01991230122463268
12089      0.0032736555793433523
12113      0.010198533759835534
12116      0.03566413366595561
12144      0.010667043669776015
12174      0.005529151732960561
12209      0.02847436635364725
12243      0.01863109557880504
12256      0.03566413366595561
12263      0.02221559988280415
12266      0.01946889462264948
12289      0.024467162449803678
12292      0.017127135697314878
12362      0.010898718164593707
12374      0.019685776766847733
12431      0.021226188364490552
12440      0.03122829364822863
12511      0.02653339691280292
12541      0.010938375650418565
12640      0.009492304047462137
12643      0.011804174551574268
12678      0.011664550441913009
12696      0.012095451611337864
12697      0.01717648419016111
12759      0.025645085604841966
12767      0.00958303572395624
12769      0.008018798809723799
12807      0.012796024381916462
12816      0.030065648057879642
12855      0.012351583971733573
12871      0.004234708865264445
12906      0.012145658531842612
12979      0.032531058555703964
12985      0.012247581153557468
12997      0.016043930834186888
12998      0.013870409014573514
13000      0.016265529277851982
13023      0.016265529277851982
13063      0.006205688943498301
13105      0.014470626795495285
13171      0.003335965051649871
13200      0.02653339691280292
13201      0.03566413366595561
13207      0.009693919236069909
13254      0.02653339691280292
13258      0.024467162449803678
13376      0.00546074854202456
13378      0.014391618062312664
13515      0.006463767441481221
13560      0.028599631375802168
13582      0.019685776766847733
13643      0.02653339691280292
13667      0.029430559828399684
13682      0.318490869949449
13715      0.00996303490370501
13716      0.05306679382560584
13784      0.01039184010622876
13788      0.07132826733191122
13813      0.04161122704372054
13824      0.020739582243102603
13825      0.008898752011388983
13835      0.02574785102788087
13851      0.02746250049400392
13870      0.011573548716336401
13883      0.006580921134594932
13929      0.023592086619107114
13983      0.012566182467580738
14023      0.011100165785503264
14045      0.02574785102788087
14059      0.03213188252087889
14091      0.029430559828399684
14092      0.011899428936339657
14099      0.023930249348927197
14124      0.007650777624046401
14209      0.012386939209198632
14216      0.05414507213934746
14217      0.04375350260167426
14225      0.009644433589681742
