337
t_index    tf-idf
77         0.016601748281589123
103        0.02061065718557299
139        0.06001684933485462
168        0.023706585415232195
193        0.06001684933485462
314        0.02681874006685337
315        0.020964342835088745
329        0.022438072458301293
491        0.041174195233656556
592        0.03802071201313812
635        0.03276293562120392
641        0.03312791246583122
677        0.023106644243935933
696        0.04843743470797403
702        0.08155115073444204
704        0.07558759423844182
718        0.0362400671174524
771        0.030568137651273038
965        0.019032704238142312
993        0.043329382687675666
1017       0.04817557736364294
1055       0.0628819831579491
1068       0.05399857395293452
1079       0.014285258364633163
1088       0.06001684933485462
1228       0.0180788708470609
1241       0.03821014623731245
1249       0.019105073118656224
1275       0.04229362120134801
1351       0.05363748013370674
1386       0.01223194281691907
1432       0.04211018284423341
1450       0.0147535249317956
1458       0.035229999679306
1468       0.026641916040496705
1509       0.0335091157324205
1670       0.041174195233656556
1673       0.03312791246583122
1674       0.023341608570604893
1751       0.03738518713332511
1793       0.03114006030049783
1861       0.03870713117555448
1868       0.0724801342349048
1914       0.030568137651273038
1920       0.00968374606805719
1934       0.07064987213038301
1962       0.011334930601049035
1975       0.030568137651273038
2006       0.021055091422116704
2016       0.07613081695256925
2046       0.0457558927710775
2055       0.02383177977662016
2134       0.05407265378050407
2186       0.030221791735532307
2301       0.04465132672990503
2466       0.021918176226170157
2480       0.040270659121352956
2495       0.043329382687675666
2593       0.024623942096922487
2626       0.05363748013370674
2724       0.022122368288232747
2739       0.017638996919823444
2779       0.04122131437114598
2855       0.05407265378050407
3048       0.036793527625104475
3142       0.024398795146240725
3143       0.03572017088532126
3147       0.0324128600165524
3162       0.0430476469266898
3177       0.02287794638553875
3193       0.028382268012651847
3205       0.046214854675703514
3246       0.04981027303280674
3345       0.015973980671819606
3428       0.035324936065191506
3429       0.025808672628706966
3453       0.028382268012651847
3457       0.04506044184221457
3505       0.026641916040496705
3539       0.05059552228425558
3559       0.02018812535008646
3679       0.0202709826270095
3802       0.03491434793010912
3814       0.039453311286771056
3840       0.029285804124955447
3863       0.04812845822615351
3882       0.015483809465804334
3994       0.03114006030049783
4000       0.09203740227200372
4220       0.0362400671174524
4229       0.01978543816049051
4235       0.028570516729266325
4300       0.02681874006685337
4374       0.03802071201313812
4417       0.031752868183057524
4447       0.027183716911480676
4486       0.04465132672990503
4496       0.02490513651640337
4613       0.03114006030049783
4637       0.035775168444539214
4655       0.02756492017806995
4680       0.06001684933485462
4703       0.08099786092940177
4710       0.021918176226170157
4756       0.01079432853644828
4762       0.020024774478815892
4764       0.02123952135713012
4804       0.041174195233656556
4813       0.023461549846714762
4828       0.0324128600165524
4844       0.027183716911480676
4853       0.02776207050322531
4870       0.0288221419398893
4910       0.015531584862061892
4928       0.019325917806680117
4957       0.015579627908994345
5018       0.0764202924746249
5019       0.02476338681889247
5030       0.08975228983320517
5074       0.029775975330970712
5085       0.02490513651640337
5090       0.04399938489366731
5095       0.014000055690137344
5096       0.08328621150967593
5124       0.03182503135146482
5191       0.05407265378050407
5241       0.05407265378050407
5256       0.043329382687675666
5282       0.009421327050599032
5331       0.0362400671174524
5342       0.01301674540770226
5432       0.022438072458301293
5528       0.12672505221820413
5561       0.021620724623719396
5564       0.06001684933485462
5632       0.03481022404832625
5686       0.009374465396020184
5697       0.06001684933485462
5707       0.023106644243935933
5709       0.028989885369610075
5731       0.03602926676458205
5792       0.020785676759224766
5794       0.03572017088532126
5891       0.05399857395293452
5908       0.030031984236172024
5916       0.022477759706847154
5983       0.016933750831188196
5999       0.03312791246583122
6007       0.03467613128269343
6032       0.036793527625104475
6147       0.032669144220686994
6156       0.04812845822615351
6165       0.11612139352666344
6178       0.036793527625104475
6179       0.042184262671802954
6189       0.07675182256928159
6257       0.01940081488929027
6293       0.05407265378050407
6372       0.0362400671174524
6392       0.0227658446395921
6588       0.02261122414362833
6704       0.018679746542571932
6718       0.023341608570604893
6903       0.03802071201313812
7156       0.049247884193844974
7219       0.025808672628706966
7228       0.02554040034504672
7398       0.013342348054467712
7426       0.039453311286771056
7453       0.015531584862061892
7486       0.046214854675703514
7560       0.02233154113245849
7569       0.04927510160334623
7609       0.043329382687675666
7616       0.016493876903950738
7660       0.028000111380274688
7682       0.05520797863660445
7703       0.022545943835939674
7705       0.024623942096922487
7706       0.03409467482320563
7852       0.02933292326244487
7855       0.03669582845075721
7871       0.06001684933485462
7923       0.031752868183057524
7981       0.48057048993803364
8007       0.2383177977662016
8098       0.03144099157897455
8111       0.04812845822615351
8113       0.025195864746147274
8114       0.06001684933485462
8303       0.040270659121352956
8327       0.04465132672990503
8373       0.03572017088532126
8396       0.03941424214653878
8503       0.014121125862641703
8521       0.02526487116029725
8630       0.016387345578107934
8690       0.015531584862061892
8696       0.04812845822615351
8724       0.04812845822615351
8734       0.046214854675703514
8740       0.02233154113245849
8745       0.052371521895163684
8820       0.029050839798286484
8905       0.04466308226491698
8983       0.03476633749423986
9022       0.03738518713332511
9084       0.005303078459505113
9103       0.01966068428239537
9114       0.01207043782794047
9123       0.03084933207075392
9314       0.030295871563101852
9428       0.022226316972451355
9452       0.025651316627619946
9484       0.01955260047027345
9532       0.06001684933485462
9537       0.03738518713332511
9581       0.0576442838797786
9621       0.03084933207075392
9679       0.01277020017252336
9693       0.10925284558349266
9694       0.025968970033166446
9736       0.03068411953658688
9780       0.04465132672990503
9810       0.013160877564305668
9915       0.018407480454400743
9924       0.02476338681889247
9933       0.023106644243935933
9941       0.027963860082726076
10071      0.027183716911480676
10170      0.06415303291757514
10192      0.03802071201313812
10199      0.024623942096922487
10222      0.03114006030049783
10243      0.09525860454917255
10266      0.018542533032127044
10316      0.024486728586477595
10356      0.030295871563101852
10408      0.022122368288232747
10530      0.024351676008751294
10544      0.046214854675703514
10581      0.03144099157897455
10616      0.03476633749423986
10619      0.02061065718557299
10650      0.03738518713332511
10755      0.029160546707001474
10837      0.0324128600165524
10903      0.020697720486146154
10906      0.024351676008751294
11013      0.12456024120199131
11016      0.06001684933485462
11017      0.020933322187562522
11060      0.40104131691980094
11111      0.036793527625104475
11153      0.021333245365959166
11234      0.03572017088532126
11250      0.016387345578107934
11259      0.04465132672990503
11260      0.05407265378050407
11377      0.09093979702342624
11380      0.02890518730663774
11386      0.013307473637446166
11526      0.04812845822615351
11550      0.0362400671174524
11632      0.010004599603189475
11701      0.025195864746147274
11749      0.06001684933485462
11754      0.04465132672990503
11838      0.03476633749423986
11864      0.0391052009405469
11971      0.06001684933485462
11995      0.03738518713332511
12076      0.043329382687675666
12167      0.035229999679306
12174      0.009304649584784823
12201      0.02408778868182147
12203      0.015725393369373442
12219      0.03312791246583122
12239      0.0362400671174524
12284      0.023341608570604893
12287      0.06001684933485462
12289      0.041174195233656556
12311      0.043329382687675666
12381      0.029075003772085092
12427      0.04812845822615351
12462      0.04812845822615351
12480      0.06001684933485462
12540      0.0200595702349381
12586      0.02395882893664158
12651      0.06001684933485462
12666      0.042184262671802954
12759      0.009590321210169781
12767      0.01612666710489126
12769      0.013494314610790911
12779      0.041174195233656556
12798      0.01795087352390641
12804      0.02018812535008646
12855      0.020785676759224766
12870      0.036793527625104475
12871      0.035631579659841914
12874      0.05407265378050407
12902      0.06394531636343141
12903      0.033908055637076634
12906      0.020439138239155594
12915      0.0117871792222784
12935      0.043329382687675666
12941      0.01392028152000586
12974      0.030295871563101852
12979      0.027372200574505443
12988      0.01940081488929027
13063      0.01044315002375738
13151      0.015531584862061892
13266      0.06001684933485462
13351      0.11612139352666344
13411      0.042184262671802954
13445      0.06001684933485462
13467      0.03114006030049783
13525      0.05719876992507818
13620      0.04739728787387534
13655      0.03527799383964689
13713      0.029050839798286484
13755      0.036793527625104475
13784      0.040221828124607416
13860      0.014121125862641703
13862      0.025651316627619946
13883      0.05537301928023177
13914      0.018333400626831194
13929      0.026467724715179004
13953      0.016547642982567414
14014      0.06001684933485462
14038      0.06625582493166245
14039      0.016877516784123203
14093      0.01745717396505456
14114      0.010630457407862762
14142      0.013686763701928948
14144      0.02681874006685337
14209      0.013896782524831825
