1255
t_index    tf-idf
203        0.005993265950436562
313        0.006222113796840905
330        0.003902860237223386
332        0.005200063291795906
363        0.007151642013424142
379        0.0109225434362165
390        0.0069246670156945
412        0.00484392313758235
449        0.007942973716112677
545        0.004487204539134419
618        0.004625870136672917
678        0.0050389781935887045
682        0.021845086872433
826        0.01357494025932534
884        0.01870786358570141
887        0.019620786078276466
888        0.03038342527430798
900        0.008693615632364402
904        0.011673185352468226
912        0.053939393553929064
919        0.00678747012966267
931        0.004032577069616444
934        0.0109225434362165
938        0.02608084689709321
939        0.0037429354717129332
942        0.012053121071252323
951        0.013198077465608958
965        0.0041087734519633864
967        0.023251369322527148
968        0.013577324724993301
969        0.009293110776524104
973        0.015600189875387716
981        0.010514062388996276
987        0.010389954520874208
998        0.08761351815972669
1019       0.007320059045004963
1029       0.016415795694577035
1036       0.00578962010984043
1037       0.013445010383633512
1040       0.009639312604622483
1057       0.03659829689029286
1059       0.012956416184062243
1062       0.03228280384502675
1070       0.006374362072746883
1071       0.008280304703194064
1079       0.009251689553197969
1083       0.06389087224031366
1084       0.023005789606556668
1089       0.005606172055848726
1099       0.01791989770399282
1105       0.003448457291477084
1135       0.00997650835588387
1213       0.0050389781935887045
1222       0.01884014047537018
1228       0.015611440948893544
1241       0.004124396420264863
1248       0.006174025099442775
1249       0.004124396420264863
1259       0.021089871640079694
1266       0.02307639840235861
1275       0.0045651659849587365
1298       0.043711803991945325
1299       0.01943810477980112
1319       0.003322182624482962
1357       0.016415795694577035
1364       0.03951365427923228
1386       0.010562509937262972
1397       0.011673185352468226
1429       0.016141401922513374
1430       0.008888670688370758
1432       0.009090731362334143
1434       0.016415795694577035
1439       0.005144796179986889
1463       0.02347047857305852
1469       0.007605439856776739
1471       0.008356081773028465
1477       0.005345911178415731
1478       0.03501955605740468
1480       0.0050648710738073355
1486       0.015646985715372347
1507       0.016509747593210444
1510       0.02347047857305852
1550       0.04215307299758208
1556       0.01281382015379146
1558       0.021845086872433
1590       0.007942973716112677
1593       0.006369971476902265
1600       0.00678747012966267
1605       0.008693615632364402
1607       0.009877765930493778
1639       0.008693615632364402
1640       0.012956416184062243
1647       0.005257031194498138
1657       0.007823492857686173
1658       0.010389954520874208
1674       0.0050389781935887045
1679       0.0026978153752253587
1692       0.005950705208047631
1712       0.010477614604608774
1742       0.014201653192831794
1750       0.020779909041748416
1758       0.012956416184062243
1760       0.006174025099442775
1775       0.010389954520874208
1792       0.041983660463127584
1812       0.014145701882868894
1822       0.010289592359973778
1823       0.008693615632364402
1864       0.02088851510751869
1874       0.007942973716112677
1875       0.011986531900873124
1919       0.013074616057519394
1920       0.06480623384499272
1924       0.025032433759921913
1934       0.007625934690147292
1940       0.0036678720510040443
1947       0.0036194690127006567
1962       0.024469808047615307
1979       0.007711257843174924
2006       0.02272682840583536
2016       0.028761414163743705
2046       0.019755531860987555
2048       0.00910672368928019
2049       0.018522075298328323
2050       0.025912832368124486
2055       0.020579184719947557
2059       0.011143134217861993
2080       0.0764578040535155
2098       0.005471471880589181
2140       0.009551538066260553
2164       0.008517166871235667
2207       0.0026978153752253587
2217       0.015422515686349848
2229       0.027698668062778
2254       0.04103948923644258
2257       0.008693615632364402
2258       0.015210879713553479
2266       0.017387231264728804
2268       0.009353931792850705
2280       0.007711257843174924
2282       0.006374362072746883
2293       0.012956416184062243
2316       0.013074616057519394
2334       0.0109225434362165
2357       0.02401773279339121
2378       0.03741572717140282
2417       0.008888670688370758
2429       0.06918759021029583
2432       0.006854797940525015
2459       0.009353931792850705
2483       0.022341082850225753
2487       0.012956416184062243
2502       0.011901410416095262
2550       0.02452853772676015
2558       0.006222113796840905
2564       0.002841165588670845
2571       0.010858407038101972
2581       0.02712659754294834
2593       0.010631615802420925
2596       0.048668645266729926
2603       0.015885947432225354
2605       0.0035722993080029826
2616       0.005439274360222739
2622       0.007320059045004963
2625       0.004753597381816927
2650       0.039907385855833685
2656       0.009966547873448887
2667       0.02429256585156037
2675       0.01165719302552218
2702       0.019584162301009442
2704       0.007505344628434924
2747       0.014145701882868894
2752       0.006322209025182723
2753       0.022016957192274613
2754       0.010389954520874208
2769       0.005537597151131843
2779       0.008898842751088359
2785       0.02253448417196812
2789       0.006322209025182723
2792       0.010389954520874208
2798       0.008207897847288518
2811       0.011673185352468226
2825       0.030635769845881837
2840       0.01979711619841344
2843       0.011673185352468226
2857       0.0031849857384511327
2859       0.03545460580960161
2861       0.025588846327891993
2883       0.012162880539735967
2931       0.006540262026092155
2940       0.020053769871798265
2944       0.010389954520874208
2945       0.03742137824891012
2974       0.019278625209244966
2975       0.013088034121393389
3005       0.0025851533486589227
3020       0.010878898535884739
3024       0.006722505191816756
3052       0.019284081034742717
3101       0.005993265950436562
3125       0.017387231264728804
3126       0.0109225434362165
3133       0.025912832368124486
3134       0.009353931792850705
3142       0.06057283745798102
3147       0.006997276743854597
3154       0.014394628314821899
3159       0.0045453656811670715
3162       0.018586221553048208
3163       0.019468841489570322
3171       0.016317823080668214
3184       0.0109225434362165
3188       0.007823492857686173
3196       0.0043582053525064645
3217       0.008693615632364402
3219       0.008888670688370758
3222       0.01736195729960456
3235       0.0038345384339843816
3239       0.011354770190658363
3242       0.008693615632364402
3246       0.02150604821169857
3252       0.02934205590915062
3263       0.025326050798847814
3271       0.005200063291795906
3290       0.030421759427106957
3292       0.007505344628434924
3295       0.003930910936846849
3321       0.005868411181830124
3331       0.019278625209244966
3334       0.008666524385178904
3341       0.00582859651276109
3345       0.010345371874431252
3346       0.012856054023161811
3351       0.015210879713553479
3356       0.02741919176210006
3379       0.017387231264728804
3390       0.012956416184062243
3401       0.021218552824303342
3402       0.009976846463958421
3404       0.0069246670156945
3409       0.01467238280354627
3415       0.0060814402698679835
3428       0.022877804070441873
3436       0.007505344628434924
3446       0.03637279436340287
3453       0.018381461907529102
3454       0.008517166871235667
3456       0.026579039506052313
3469       0.022516033885304768
3505       0.011502894803278334
3511       0.02414731285364378
3512       0.007410384800770385
3532       0.0782527082855801
3534       0.01736195729960456
3537       0.008070700961256687
3538       0.011143134217861993
3541       0.011673185352468226
3564       0.012956416184062243
3605       0.011282872368200966
3606       0.020779909041748416
3619       0.008888670688370758
3621       0.004204552262502178
3668       0.011673185352468226
3679       0.004376092552111085
3690       0.007942973716112677
3716       0.003243558771614256
3718       0.012956416184062243
3721       0.011673185352468226
3744       0.044682165700451505
3750       0.021400809453149858
3754       0.07319659378058573
3759       0.03228280384502675
3762       0.004820925192679272
3772       0.004376092552111085
3774       0.04099286425103535
3777       0.008898842751088359
3787       0.017777341376741515
3806       0.0036435123474834385
3813       0.012956416184062243
3814       0.017034333742471333
3828       0.012956416184062243
3857       0.03527284735512093
3858       0.006524269699146109
3882       0.003342639305078899
3884       0.019284081034742717
3907       0.00484392313758235
3912       0.007942973716112677
3932       0.006854797940525015
3935       0.004646555388262052
3945       0.004412393926121821
3957       0.017948818156537677
3959       0.007942973716112677
3962       0.007942973716112677
3976       0.012956416184062243
3982       0.01821344737856038
3990       0.006322209025182723
3994       0.02016751557545027
4000       0.00794760072580824
4001       0.016115792233261976
4006       0.06458336845408626
4007       0.004753597381816927
4039       0.01821344737856038
4040       0.015353307796735197
4043       0.009926807992017709
4044       0.006127153969176367
4057       0.012956416184062243
4059       0.021845086872433
4060       0.04553361844640095
4094       0.0466927414098729
4095       0.009926807992017709
4159       0.0069246670156945
4167       0.00910672368928019
4170       0.006483294123389923
4171       0.013849334031389
4204       0.02739099590975242
4206       0.029966329752182812
4213       0.006271485009535952
4217       0.007823492857686173
4229       0.017085093538388614
4235       0.10176858508517765
4317       0.014145701882868894
4321       0.005677385095329181
4370       0.010072278130499521
4377       0.006854797940525015
4402       0.006685278610157798
4403       0.009786404548719164
4410       0.006722505191816756
4418       0.006428027011580906
4423       0.055836487303901096
4439       0.019103076132521105
4440       0.025067212339747832
4463       0.037628910057215706
4469       0.019755531860987555
4471       0.0032919152894321296
4477       0.025912832368124486
4478       0.0069246670156945
4481       0.008716410705012929
4496       0.005376512052924643
4511       0.004818651457076425
4531       0.01308052405218431
4546       0.006428027011580906
4567       0.0042712733845971535
4573       0.011673185352468226
4588       0.007505344628434924
4590       0.011673185352468226
4594       0.008693615632364402
4600       0.012966588246779846
4601       0.026057618444796
4609       0.007605439856776739
4613       0.013445010383633512
4614       0.05950705208047632
4615       0.006997276743854597
4628       0.019953692927916843
4636       0.01370959588105003
4637       0.007723130696785743
4657       0.011673185352468226
4667       0.012956416184062243
4669       0.012956416184062243
4670       0.00910672368928019
4683       0.007410384800770385
4714       0.004988254177941935
4723       0.007823492857686173
4736       0.025712108046323623
4745       0.02285618364904232
4746       0.011282872368200966
4749       0.025551500613707
4756       0.0046605516449362335
4760       0.0047316881230711014
4762       0.02161470612127354
4764       0.03209626245165275
4769       0.01482076960154077
4772       0.009829364960048256
4773       0.007605439856776739
4776       0.003945097295590677
4787       0.012542970019071904
4788       0.010389954520874208
4792       0.08578015556846916
4796       0.009976846463958421
4799       0.01370959588105003
4802       0.007151642013424142
4812       0.009353931792850705
4813       0.010129742147614671
4817       0.014467872079283297
4824       0.0060814402698679835
4827       0.007410384800770385
4850       0.008207897847288518
4864       0.004988254177941935
4871       0.006428027011580906
4872       0.006854797940525015
4879       0.007410384800770385
4895       0.005345911178415731
4910       0.003352953040707002
4916       0.03001835394135885
4921       0.007151642013424142
4928       0.004172072293320319
4929       0.007823492857686173
4942       0.010289592359973778
4943       0.02056439382157504
4951       0.00909299497788478
4957       0.006726649113336069
4993       0.005751447401639167
5003       0.004288336277336979
5013       0.04601446120781257
5018       0.028870774941854038
5030       0.014531769412747048
5033       0.009639312604622483
5079       0.014816648895740667
5081       0.01369549795487621
5085       0.005376512052924643
5090       0.0031661905439501624
5094       0.015858558891477657
5095       0.0181339623920704
5096       0.011986531900873124
5102       0.005471471880589181
5108       0.008065154139232889
5124       0.022328723624251694
5135       0.008693615632364402
5140       0.009353931792850705
5141       0.006854797940525015
5195       0.011673185352468226
5208       0.011502894803278334
5228       0.008356081773028465
5245       0.005950705208047631
5248       0.011673185352468226
5256       0.009353931792850705
5258       0.0030051054457429617
5259       0.011673185352468226
5282       0.024406472974148916
5294       0.025862607101739578
5295       0.0109225434362165
5300       0.008888670688370758
5308       0.009353931792850705
5313       0.03620619926664881
5315       0.03555468275348303
5316       0.0052115236889592
5331       0.007823492857686173
5334       0.005471471880589181
5338       0.0028569215200030143
5340       0.008693615632364402
5342       0.002810050389736607
5397       0.02522731357501307
5399       0.04289007778423458
5400       0.012956416184062243
5404       0.008070700961256687
5432       0.04359530823824114
5434       0.009639312604622483
5468       0.02508594003814381
5477       0.016415795694577035
5497       0.018669897505814454
5528       0.005471471880589181
5536       0.008517166871235667
5569       0.00434048932490114
5573       0.043468078161822014
5594       0.020680670010673342
5596       0.02334637070493645
5598       0.031169863562622625
5614       0.008280304703194064
5632       0.06262349035160042
5657       0.013925676738345794
5658       0.016688289173281277
5686       0.1052353260632808
5687       0.022516033885304768
5693       0.019449882370169768
5709       0.04380828332338924
5723       0.057511609399031646
5731       0.10889179493006129
5733       0.004914682480024128
5735       0.017019986379435373
5743       0.13205144523191642
5767       0.012956416184062243
5792       0.022436022695672096
5793       0.0066597428845186595
5794       0.02313377352952477
5798       0.0109225434362165
5804       0.006540262026092155
5810       0.03501955605740468
5838       0.013074616057519394
5843       0.00644631689330479
5861       0.00484392313758235
5871       0.03911746428843087
5874       0.014467872079283297
5881       0.012162880539735967
5888       0.01369549795487621
5891       0.1748578953828327
5908       0.006483294123389923
5916       0.015943898365023385
5942       0.11660774565656018
5943       0.012956416184062243
5965       0.007605439856776739
5970       0.007233936039641648
5980       0.012956416184062243
5983       0.021933912801917227
5986       0.025068245319085396
5990       0.018814455028607853
6007       0.018714677358564667
6008       0.006322209025182723
6014       0.009976846463958421
6019       0.038937682979140645
6042       0.00910672368928019
6067       0.009976846463958421
6069       0.12531106386009228
6072       0.00910672368928019
6078       0.02616104810436862
6079       0.012956416184062243
6113       0.0047316881230711014
6114       0.009551538066260553
6118       0.006036828213410945
6147       0.007052603287099855
6151       0.009639312604622483
6154       0.03245771767255949
6159       0.031169863562622625
6161       0.0109225434362165
6178       0.007942973716112677
6187       0.029930539391875264
6189       0.0036820347290017963
6212       0.006271485009535952
6225       0.007505344628434924
6247       0.008517166871235667
6252       0.00910672368928019
6253       0.0066597428845186595
6254       0.018103099633324404
6277       0.007589447529830693
6292       0.006902246127613638
6300       0.012956416184062243
6309       0.03283159138915407
6318       0.016317823080668214
6325       0.032315553983686796
6329       0.012956416184062243
6330       0.0109225434362165
6331       0.00910672368928019
6356       0.005281254968631486
6357       0.012956416184062243
6361       0.0024406515310512063
6370       0.004032577069616444
6399       0.010753024105849286
6400       0.01979711619841344
6401       0.056123590757104234
6404       0.011673185352468226
6416       0.017034333742471333
6429       0.06478208092031121
6432       0.012956416184062243
6462       0.034986383719272984
6465       0.030407201349339916
6476       0.007233936039641648
6486       0.01165719302552218
6488       0.012956416184062243
6489       0.017852115624142892
6500       0.07262903296860221
6502       0.01357494025932534
6506       0.07003911211480936
6509       0.004032577069616444
6518       0.006483294123389923
6544       0.08465605657440338
6552       0.007605439856776739
6583       0.00582859651276109
6627       0.0109225434362165
6643       0.012956416184062243
6660       0.023473644727320497
6677       0.0045651659849587365
6681       0.011673185352468226
6682       0.012956416184062243
6692       0.009639312604622483
6707       0.00460541345607698
6709       0.008207897847288518
6715       0.020779909041748416
6717       0.007942973716112677
6721       0.009926807992017709
6724       0.007942973716112677
6734       0.009639312604622483
6736       0.004394154263735164
6739       0.005751447401639167
6741       0.007942973716112677
6742       0.006483294123389923
6750       0.07781294203658475
6758       0.009976846463958421
6759       0.002988042553003136
6770       0.015422515686349848
6771       0.040353504806283434
6783       0.011673185352468226
6794       0.012856054023161811
6796       0.002531293237112994
6804       0.04232802828720169
6811       0.0109225434362165
6814       0.007072850941434447
6815       0.009353931792850705
6843       0.015646985715372347
6846       0.012162880539735967
6847       0.04535080374229834
6851       0.03904073384433864
6906       0.01651271789420596
6963       0.007505344628434924
6982       0.07948339133460854
6993       0.03515323410988131
7001       0.009976846463958421
7012       0.008280304703194064
7021       0.008517166871235667
7033       0.006271485009535952
7055       0.008888670688370758
7057       0.014145701882868894
7069       0.015422515686349848
7081       0.008356081773028465
7091       0.007823492857686173
7139       0.0707563968632433
7148       0.007233936039641648
7151       0.020779909041748416
7188       0.0017261650233856556
7193       0.07926937357308605
7213       0.011673185352468226
7228       0.08821844133315834
7262       0.02331438605104436
7307       0.007942973716112677
7315       0.01870786358570141
7317       0.008356081773028465
7324       0.005868411181830124
7337       0.015646985715372347
7341       0.025912832368124486
7359       0.016818516167546177
7387       0.013198077465608958
7398       0.017282048242999355
7404       0.007144598616005965
7408       0.0032135412262868737
7429       0.1526026675497999
7453       0.006705906081414004
7455       0.014381653996924919
7456       0.025712108046323623
7462       0.010815254503717762
7463       0.011673185352468226
7467       0.0031944553793389514
7472       0.03342432709211386
7473       0.011673185352468226
7475       0.008207897847288518
7479       0.008315633044606035
7489       0.006322209025182723
7491       0.008356081773028465
7492       0.008517166871235667
7497       0.025551500613707
7507       0.009976846463958421
7511       0.05182566473624897
7519       0.041780408865142324
7522       0.06649669645805953
7529       0.018181462724668286
7547       0.06004275702747939
7551       0.013849334031389
7555       0.007833664920403775
7569       0.05318745743573554
7587       0.003607563436254739
7589       0.012956416184062243
7594       0.025912832368124486
7605       0.008974409078268838
7606       0.00678747012966267
7610       0.008356081773028465
7616       0.007121384611976664
7622       0.030136962303327394
7629       0.015646985715372347
7632       0.014467872079283297
7638       0.02658489048399937
7641       0.022516033885304768
7651       0.009976846463958421
7652       0.008356081773028465
7660       0.012089308261380266
7663       0.005257031194498138
7682       0.03575483664124588
7687       0.011673185352468226
7705       0.005315807901210463
7707       0.05875248690302831
7725       0.007072850941434447
7800       0.029287818372614478
7846       0.01736886032952129
7852       0.01266476217580065
7855       0.08450007949810377
7875       0.012956416184062243
7881       0.012516652378111212
7889       0.009353931792850705
7897       0.01069099772737288
7949       0.010389954520874208
7957       0.019449882370169768
7970       0.05986107878375053
7974       0.008356081773028465
7995       0.006222113796840905
7996       0.009976846463958421
8017       0.024694414826234443
8019       0.00910672368928019
8029       0.012956416184062243
8032       0.0234518566003164
8033       0.0246961003977711
8064       0.0845390061353394
8066       0.014467872079283297
8069       0.025588846327891993
8079       0.008207897847288518
8088       0.0068751982654868754
8106       0.006388910758677903
8115       0.0029965543415929417
8122       0.04390039506675167
8147       0.004820925192679272
8164       0.012856054023161811
8177       0.007605439856776739
8193       0.05223019130876006
8213       0.0034160720209196124
8243       0.07554208597874641
8244       0.01821344737856038
8258       0.0032328258877174472
8262       0.027222948732515323
8276       0.005868411181830124
8301       0.018340721400944428
8313       0.0109225434362165
8331       0.011673185352468226
8339       0.0036678720510040443
8340       0.005641436184100483
8341       0.05537597151131843
8350       0.01308052405218431
8355       0.0327676303086495
8356       0.010389954520874208
8377       0.01671216354605693
8378       0.013445010383633512
8396       0.017017465278151303
8408       0.034034930556302606
8445       0.006222113796840905
8503       0.012193854605270511
8514       0.02200723230602427
8521       0.02454377148214257
8565       0.02256574473640193
8583       0.024285405132133446
8630       0.014150777444341017
8657       0.10188503301252654
8662       0.07577175466589417
8667       0.00578962010984043
8670       0.004288336277336979
8693       0.004172072293320319
8702       0.0066597428845186595
8703       0.02732017106784057
8708       0.08866049630590656
8717       0.005286186297159219
8718       0.004775769033130276
8743       0.010389954520874208
8747       0.008888670688370758
8749       0.033475156493540416
8759       0.01055780760524521
8763       0.012956416184062243
8801       0.03741572717140282
8802       0.012956416184062243
8803       0.006369971476902265
8848       0.008070700961256687
8853       0.012956416184062243
8863       0.012956416184062243
8882       0.005117769265578399
8885       0.019563177071395026
8905       0.004820925192679272
8908       0.007410384800770385
8942       0.0037429354717129332
8963       0.03555468275348303
8980       0.008356081773028465
8981       0.023473644727320497
8987       0.010344447015335271
9007       0.007823492857686173
9009       0.00815580717155578
9010       0.005864461625713638
9017       0.005315807901210463
9022       0.016141401922513374
9037       0.01821344737856038
9075       0.003988320521707221
9084       0.049227548106924715
9103       0.02971039093096169
9121       0.007151642013424142
9122       0.004963403996008854
9124       0.006036828213410945
9125       0.0032819351533647195
9147       0.011792732810540548
9160       0.009976846463958421
9184       0.007233936039641648
9188       0.0984947741674622
9192       0.01671216354605693
9230       0.00339479235264306
9258       0.05182566473624897
9277       0.013994553487709194
9282       0.012956416184062243
9287       0.017777341376741515
9301       0.008888670688370758
9325       0.0066597428845186595
9342       0.00582859651276109
9354       0.021218552824303342
9407       0.025290453507629464
9409       0.026255481226917756
9411       0.005376512052924643
9412       0.01979711619841344
9413       0.012162880539735967
9428       0.014394628314821899
9435       0.0076158008191176945
9454       0.007410384800770385
9481       0.0109225434362165
9484       0.046431093131220985
9485       0.009353931792850705
9499       0.012956416184062243
9502       0.012956416184062243
9511       0.030021378513739694
9513       0.025551500613707
9516       0.011986531900873124
9524       0.08334066809017739
9537       0.008070700961256687
9544       0.02397306380174625
9552       0.007320059045004963
9557       0.015600189875387716
9558       0.011673185352468226
9560       0.034034930556302606
9562       0.005376512052924643
9611       0.0109225434362165
9615       0.012956416184062243
9617       0.021218552824303342
9619       0.019278625209244966
9620       0.012956416184062243
9623       0.010753024105849286
9673       0.04207147624040146
9679       0.002756826291661198
9681       0.0040177070237507745
9693       0.015723643747387397
9700       0.02056439382157504
9727       0.01482076960154077
9736       0.009936115291709966
9747       0.024317683141285528
9750       0.03636292544933657
9753       0.017381449128165777
9760       0.005257031194498138
9777       0.007072850941434447
9808       0.02542567357014126
9810       0.002841165588670845
9811       0.005117769265578399
9839       0.01142809182452116
9853       0.03842316688830929
9860       0.01234805019888555
9902       0.025912832368124486
9904       0.025912832368124486
9923       0.012644418050365445
9927       0.052681814251882376
9930       0.02079794841560666
9933       0.004988254177941935
9936       0.012748724145493766
9941       0.006036828213410945
9942       0.014640118090009925
9943       0.016317823080668214
9945       0.01979711619841344
9950       0.006599038732804479
9953       0.008207897847288518
9962       0.007505344628434924
9966       0.036762923815058204
9974       0.005439274360222739
9986       0.05784247788207434
9989       0.006599038732804479
9999       0.006483294123389923
10004      0.012966588246779846
10006      0.07780136035577892
10014      0.005677385095329181
10019      0.027698668062778
10029      0.01357494025932534
10044      0.010389954520874208
10050      0.02741919176210006
10055      0.006483294123389923
10058      0.0066597428845186595
10062      0.009377264887942025
10064      0.011673185352468226
10069      0.007942973716112677
10073      0.017872866280180602
10078      0.010389954520874208
10092      0.01410520657419971
10103      0.004002955465565202
10115      0.02315848043936172
10118      0.007233936039641648
10134      0.020800253167183622
10136      0.0329191528943213
10138      0.0050648710738073355
10181      0.06668196317115505
10185      0.0109225434362165
10187      0.004938882965246889
10190      0.008070700961256687
10199      0.005315807901210463
10215      0.03529915140897457
10217      0.1246794542504905
10225      0.008888670688370758
10249      0.011673185352468226
10252      0.0069246670156945
10258      0.014065897331913038
10301      0.008207897847288518
10314      0.007942973716112677
10342      0.0034814191845864485
10344      0.008888670688370758
10348      0.02363640387306774
10350      0.016317823080668214
10353      0.00997650835588387
10356      0.006540262026092155
10357      0.0434048932490114
10361      0.03987733572599905
10362      0.011673185352468226
10375      0.014303284026848283
10387      0.003945097295590677
10388      0.018843242672309704
10397      0.00582859651276109
10408      0.014327307099390828
10412      0.003945097295590677
10464      0.006322209025182723
10466      0.04107887827281087
10485      0.005257031194498138
10486      0.0036314516484301108
10487      0.006599038732804479
10488      0.020779909041748416
10493      0.008070700961256687
10518      0.02215407540333281
10519      0.012162880539735967
10523      0.0036435123474834385
10530      0.005257031194498138
10546      0.0055715671089309965
10548      0.006854797940525015
10555      0.004867210372392581
10580      0.006854797940525015
10591      0.003719461832615602
10593      0.025455656205764326
10599      0.00818656244266125
10615      0.01671216354605693
10624      0.006599038732804479
10625      0.015885947432225354
10626      0.012748724145493766
10632      0.044033914384549226
10636      0.00571404591226058
10637      0.00678958470528612
10639      0.013816240368230941
10647      0.010942943761178362
10650      0.008070700961256687
10651      0.011190634909066645
10665      0.011673185352468226
10666      0.012956416184062243
10674      0.012956416184062243
10679      0.019953692927916843
10680      0.005698053585314533
10693      0.014145701882868894
10695      0.005677385095329181
10731      0.005751447401639167
10740      0.00910672368928019
10750      0.007505344628434924
10755      0.13849370695919197
10775      0.005439274360222739
10776      0.009353931792850705
10777      0.016414415641767544
10822      0.011673185352468226
10855      0.021630509007435524
10866      0.007410384800770385
10903      0.0044682165700451505
10907      0.007410384800770385
10943      0.0095549572153534
10949      0.012020421782971847
10968      0.0197969660129541
10969      0.0036194690127006567
10983      0.054612717181082494
10996      0.019953692927916843
11001      0.09069491328843571
11010      0.01661279145339553
11012      0.01207365642682189
11017      0.014310414242767928
11024      0.011673185352468226
11036      0.008070700961256687
11069      0.03949005328870338
11115      0.004646555388262052
11119      0.0051722235076676355
11125      0.008936433140090301
11127      0.02952136478982025
11168      0.022286268435723986
11206      0.016415795694577035
11250      0.014150777444341017
11255      0.05194977260437104
11263      0.004798209438273967
11264      0.0035957339342990655
11273      0.011562515513525239
11276      0.038910528920845
11280      0.007723130696785743
11282      0.011708580711670158
11300      0.009639312604622483
11318      0.016141401922513374
11332      0.016190270088088963
11335      0.015273393723458595
11337      0.004002955465565202
11339      0.02803086027924363
11342      0.011673185352468226
11344      0.0037947237649153466
11346      0.007233936039641648
11347      0.005504239298068653
11357      0.01884014047537018
11358      0.0050389781935887045
11373      0.006174025099442775
11374      0.006599038732804479
11377      0.016360042651741735
11385      0.006174025099442775
11386      0.005745625394069406
11390      0.006483294123389923
11391      0.00910672368928019
11414      0.02732017106784057
11432      0.00678747012966267
11435      0.012956416184062243
11446      0.01370959588105003
11448      0.012956416184062243
11451      0.006174025099442775
11491      0.012956416184062243
11497      0.009976846463958421
11500      0.007410384800770385
11517      0.005993265950436562
11533      0.004585180350236107
11547      0.004938882965246889
11551      0.03283159138915407
11555      0.02290405971243843
11568      0.009639312604622483
11582      0.018217561737417197
11590      0.010389954520874208
11598      0.011708580711670158
11622      0.00582859651276109
11626      0.007505344628434924
11628      0.005868411181830124
11640      0.0571404591226058
11650      0.019953692927916843
11656      0.006271485009535952
11659      0.07677135101238347
11757      0.0030749745209124476
11820      0.006483294123389923
11822      0.025712108046323623
11838      0.007505344628434924
11839      0.004487204539134419
11844      0.007942973716112677
11852      0.008070700961256687
11853      0.009639312604622483
11855      0.02732017106784057
11859      0.04340361623784989
11862      0.011502894803278334
11864      0.046431093131220985
11866      0.017777341376741515
11876      0.013636097043501216
11888      0.005606172055848726
11896      0.005504239298068653
11913      0.006722505191816756
11932      0.00818656244266125
11937      0.02118806130845105
11939      0.005537597151131843
11942      0.010389954520874208
11955      0.009639312604622483
11956      0.005471471880589181
11957      0.00997650835588387
11970      0.009976846463958421
11977      0.007151642013424142
11987      0.008070700961256687
11993      0.025912832368124486
12006      0.0109225434362165
12020      0.011673185352468226
12036      0.005993265950436562
12047      0.005751447401639167
12057      0.011673185352468226
12066      0.024195462417698668
12067      0.007605439856776739
12082      0.017803461529941663
12089      0.03211071386777961
12094      0.013074616057519394
12107      0.007605439856776739
12109      0.039907385855833685
12113      0.007410046692695835
12144      0.007750456440842383
12173      0.012956416184062243
12174      0.01004342228919056
12203      0.01357916941057224
12210      0.004867210372392581
12220      0.012956416184062243
12233      0.030421759427106957
12235      0.01482076960154077
12240      0.016141401922513374
12244      0.030421759427106957
12273      0.0641925249033055
12274      0.007711257843174924
12275      0.017387231264728804
12277      0.05560081601278875
12283      0.015010689256869847
12313      0.030870125497213873
12325      0.010389954520874208
12343      0.006540262026092155
12344      0.01018226248230573
12360      0.013636097043501216
12405      0.08272490715708553
12414      0.09983125447272623
12424      0.0109225434362165
12425      0.005641436184100483
12503      0.00910672368928019
12510      0.011673185352468226
12514      0.019192837753095868
12517      0.015210879713553479
12540      0.025982717518596796
12541      0.00397380036290412
12551      0.028860507490037914
12610      0.007823492857686173
12611      0.01232632035589016
12640      0.003448457291477084
12643      0.025730017664021873
12669      0.007605439856776739
12670      0.020991830231563792
12678      0.016950449046760838
12689      0.00678747012966267
12698      0.01207365642682189
12708      0.0814639483499598
12725      0.004140152351597032
12735      0.014816648895740667
12749      0.007823492857686173
12758      0.016415795694577035
12759      0.05796994412097298
12767      0.05222128776879672
12769      0.31753311676234747
12772      0.004032577069616444
12781      0.038869248552186736
12798      0.0038752282204211914
12799      0.06916705958807533
12804      0.008716410705012929
12806      0.005868411181830124
12807      0.013945995627964333
12808      0.007823492857686173
12831      0.005091131241152865
12832      0.015422515686349848
12835      0.007072850941434447
12838      0.009976846463958421
12855      0.008974409078268838
12856      0.007823492857686173
12871      0.02307639840235861
12873      0.04155981808349683
12885      0.011673185352468226
12902      0.0046014974184090925
12906      0.026474363556730926
12915      0.002544612076983498
12917      0.041780408865142324
12938      0.017432821410025858
12941      0.015025527228714808
12942      0.02928023618001985
12945      0.0034814191845864485
12967      0.004963403996008854
12974      0.01308052405218431
12975      0.012956416184062243
12976      0.011673185352468226
12985      0.004449421375544179
12988      0.0041882410489951635
12998      0.015116934580766114
13003      0.00578962010984043
13007      0.022286268435723986
13047      0.01234805019888555
13056      0.01821344737856038
13063      0.029308025883386074
13072      0.008356081773028465
13079      0.021454926040272423
13090      0.015885947432225354
13092      0.09827224664568507
13098      0.010514062388996276
13104      0.0109225434362165
13109      0.006428027011580906
13113      0.009976846463958421
13116      0.0069246670156945
13151      0.003352953040707002
13161      0.005407627251858881
13166      0.006036828213410945
13171      0.009695376759070768
13207      0.008804255085348017
13212      0.0109225434362165
13213      0.012956416184062243
13215      0.013198077465608958
13257      0.010389954520874208
13261      0.006854797940525015
13302      0.03322558290679106
13341      0.008207897847288518
13342      0.010389954520874208
13352      0.015422515686349848
13372      0.01622288175557664
13375      0.0109225434362165
13376      0.037692851242195596
13378      0.015684984381554083
13382      0.012956416184062243
13387      0.008070700961256687
13411      0.00910672368928019
13484      0.04661820019163062
13509      0.08733041608790856
13515      0.04931263715355796
13561      0.04392035427002978
13562      0.00910672368928019
13620      0.04604449375850436
13629      0.015210879713553479
13647      0.06938805205009375
13649      0.131070521234598
13650      0.011673185352468226
13653      0.0043582053525064645
13654      0.008070700961256687
13655      0.0076158008191176945
13656      0.006127153969176367
13667      0.05345911178415731
13698      0.006599038732804479
13699      0.017291764897018832
13708      0.006997276743854597
13720      0.007711257843174924
13739      0.03263564616133643
13744      0.006374362072746883
13762      0.013288730497931849
13783      0.009781588535697513
13784      0.019631297770956048
13799      0.008898842751088359
13803      0.025912832368124486
13808      0.0051722235076676355
13818      0.019278625209244966
13824      0.06529881626635456
13825      0.029095432989457028
13835      0.028061795378552117
13836      0.07773849710437347
13844      0.0042712733845971535
13848      0.007823492857686173
13860      0.009145390953952883
13862      0.005537597151131843
13865      0.008898842751088359
13870      0.008409104525004357
13883      0.08128657301365085
13891      0.00678747012966267
13894      0.01821344737856038
13898      0.019853615984035417
13902      0.00582859651276109
13914      0.007915616071916147
13924      0.017254342204917502
13929      0.08856456712009345
13953      0.01428919723201193
13970      0.01370959588105003
13982      0.02510680607857514
13983      0.03652132787966989
14003      0.010289592359973778
14005      0.012956416184062243
14022      0.009353931792850705
14023      0.004032577069616444
14039      0.010930537042450316
14050      0.0498842323197921
14058      0.009976846463958421
14060      0.006222113796840905
14066      0.022516033885304768
14088      0.012956416184062243
14091      0.016037733535247192
14092      0.004322941224254708
14093      0.0037686485344619407
14095      0.012162880539735967
14096      0.011986531900873124
14114      0.03671839010002269
14124      0.1334135767309294
14131      0.005641436184100483
14134      0.00678747012966267
14138      0.005376512052924643
14141      0.012956416184062243
14142      0.06943530199368354
14144      0.02315848043936172
14145      0.004430815080666561
14168      0.04026013181147418
14174      0.005345911178415731
14207      0.10495915115781897
14208      0.0492473870837311
14209      0.012000129963940606
14225      0.0070074488065722
14242      0.008888670688370758
14250      0.007942973716112677
14258      0.003959393202590819
14292      0.00678747012966267
