285
t_index    tf-idf
9          0.019901526936799644
45         0.0391531326923176
203        0.028588944621832754
311        0.02743542713115689
312        0.029916099021305296
329        0.023106374967836824
330        0.018617337543748547
332        0.024805226851037615
382        0.02708213675639767
411        0.04240054023516663
463        0.030926466169442543
475        0.021776653766541604
476        0.040588168159431566
485        0.061804409790390105
492        0.03450716162864935
696        0.049880110286768066
704        0.02594630619654639
1068       0.5282654001646182
1070       0.03040684091183993
1089       0.05348487578244405
1228       0.037234675087497095
1275       0.021776653766541604
1351       0.027617517739158656
1364       0.011087479959491085
1386       0.0377887883869862
1430       0.04240054023516663
1439       0.024541592897199555
1447       0.015329163250564546
1472       0.024672426128808874
1544       0.03678407153400941
1557       0.0159449840494232
1604       0.027617517739158656
1674       0.07211046683985553
1746       0.061804409790390105
1802       0.061804409790390105
1839       0.02799336516732829
1868       0.1119583575503112
1871       0.061804409790390105
1913       0.023217459220044392
1914       0.03147858854415334
1920       0.029916509293434833
1923       0.12360881958078021
1934       0.00909426622935252
1940       0.034992804195009726
1962       0.011672533689735453
2006       0.06504660838656705
2016       0.019599580204392803
2083       0.045981235694373436
2097       0.061804409790390105
2158       0.061804409790390105
2240       0.061804409790390105
2241       0.0446199184607735
2292       0.045981235694373436
2376       0.021968641362700998
2429       0.016501855594245104
2596       0.025795343860494944
2622       0.03491798368316176
2626       0.027617517739158656
2724       0.04556253553369504
2777       0.07924597019436214
2983       0.13495502823025432
3036       0.037889397463844794
3048       0.037889397463844794
3114       0.03119821319836547
3140       0.03534885360464668
3279       0.061804409790390105
3345       0.016449754666670913
3428       0.02728279868805756
3455       0.10420495002555673
3613       0.052102475012778364
3679       0.020874739860860914
3716       0.007736176140538632
3832       0.03066283221560448
4000       0.018955734561555613
4038       0.05568317047198518
4165       0.03491798368316176
4171       0.03303189337391268
4218       0.029680589554960224
4235       0.04413220479152921
4368       0.061804409790390105
4403       0.015560963477117423
4418       0.06132566443120896
4446       0.12360881958078021
4601       0.012429947491999016
4631       0.03580182887336515
4688       0.028588944621832754
4701       0.04344069183517532
4787       0.029916099021305296
4799       0.03269860545755489
4808       0.03534885360464668
4844       0.05598673033465658
4921       0.03411460448573321
4951       0.01445840114661886
4994       0.03849867914236857
5013       0.018291430389716548
5019       0.025500947212568008
5030       0.023106374967836824
5090       0.030206584146851748
5092       0.047591332241456535
5141       0.03269860545755489
5146       0.01584740204429607
5282       0.00970193477761174
5318       0.05568317047198518
5342       0.026808880380450175
5386       0.12360881958078021
5414       0.02507697387996054
5528       0.05219978819150683
5550       0.061804409790390105
5594       0.028185849850577264
5632       0.011949007519396801
5640       0.036279300916761695
5645       0.18541322937117033
5657       0.016606988759822704
5763       0.17363658795726328
5792       0.021404763802748646
5905       0.03678407153400941
5916       0.013226996727830204
6007       0.017854467966017747
6032       0.037889397463844794
6186       0.0446199184607735
6189       0.03512792118141514
6254       0.04317750264886317
6257       0.019978654777348486
6350       0.04882533941624295
6356       0.012596262795662066
6486       0.08341032634178182
6544       0.018355656720872502
6552       0.036279300916761695
6556       0.05568317047198518
6560       0.025795343860494944
6602       0.03580182887336515
6680       0.025216048905550018
6759       0.028506988937897503
6867       0.04956193115358025
6911       0.04240054023516663
6982       0.02708213675639767
6985       0.04147009292305161
7007       0.03697105581724264
7012       0.019749263137094127
7144       0.0446199184607735
7228       0.013150551775292655
7292       0.0373194525167704
7398       0.006869870343605685
7404       0.03408100622722057
7499       0.061804409790390105
7527       0.061804409790390105
7605       0.021404763802748646
7616       0.0169851356494319
7626       0.0446199184607735
7660       0.014417037691097702
7682       0.04263923264680071
7800       0.011642341928332358
7828       0.03849867914236857
7852       0.060413168293703495
7855       0.025192525591324132
7881       0.01492666455350972
7923       0.03269860545755489
7956       0.02257099398507584
8006       0.061804409790390105
8007       0.024541592897199555
8032       0.012429947491999016
8055       0.11136634094397035
8098       0.03237743982396364
8115       0.028588194429073472
8213       0.016295271165657047
8238       0.05568317047198518
8332       0.061804409790390105
8427       0.012663675959727836
8503       0.014541713855171298
8521       0.026017367919138577
8583       0.019307617031711015
8667       0.027617517739158656
8691       0.024805226851037615
8708       0.014583666815823263
8721       0.029680589554960224
8745       0.017977123848981782
8749       0.008871247266102243
8752       0.061804409790390105
8770       0.027180729129987414
8840       0.029451197914705865
8884       0.03580182887336515
9084       0.005461026993156448
9103       0.01012313210052972
9114       0.06214973745999509
9122       0.023676319914911228
9397       0.027617517739158656
9407       0.013404440190225088
9452       0.02641532339812071
9474       0.02799336516732829
9617       0.03373875705756358
9621       0.031768158145439866
9693       0.03750228874081093
9736       0.01579901243495627
9831       0.061804409790390105
9853       0.01078149061698446
9867       0.03237743982396364
9950       0.03147858854415334
9974       0.02594630619654639
10019      0.03303189337391268
10136      0.01570302147237173
10243      0.03269860545755489
10307      0.061804409790390105
10316      0.025216048905550018
10342      0.03321397751964541
10357      0.020704906134228193
10394      0.047591332241456535
10464      0.030158061598356774
10593      0.024285601593435003
10639      0.021968641362700998
10668      0.021682202795522347
10680      0.013590364564993707
10755      0.015014536737308183
10772      0.027803442113927275
10788      0.0783062653846352
10854      0.052102475012778364
10889      0.061804409790390105
10949      0.014334887502340105
11013      0.032067545514951314
11017      0.032335210122477025
11127      0.010832473930121995
11311      0.052102475012778364
11324      0.031768158145439866
11392      0.03763763164995822
11512      0.03985999637596851
11533      0.02187212584892336
11547      0.0235593502365553
11555      0.031216125381347173
11598      0.018617337543748547
11632      0.020605159401635036
11660      0.017614151596745994
11688      0.0391531326923176
11690      0.0446199184607735
11701      0.18162414337582472
11754      0.045981235694373436
11762      0.05568317047198518
11769      0.030158061598356774
11812      0.11136634094397035
11882      0.061804409790390105
11972      0.061804409790390105
12082      0.0339702712988638
12132      0.061804409790390105
12150      0.061804409790390105
12174      0.009581782153966802
12284      0.024036822279951846
12381      0.02994098270239427
12462      0.04956193115358025
12478      0.047591332241456535
12548      0.04344069183517532
12668      0.11780479165882346
12759      0.029627886934940128
12769      0.04168870038774705
12772      0.01923610990734349
12785      0.061804409790390105
12807      0.011087479959491085
12832      0.03678407153400941
12855      0.021404763802748646
12887      0.032067545514951314
12891      0.2453131383670623
12902      0.01097498058323454
12915      0.012138252224169853
12941      0.014334887502340105
12976      0.05568317047198518
12982      0.08124641026919302
13094      0.05568317047198518
13151      0.047982547208703014
13171      0.005781083960421616
13403      0.03269860545755489
13620      0.024404491698374286
13784      0.009004305984511626
13883      0.022808906584432298
13900      0.02922761428624175
13929      0.040884071456067594
13953      0.017040503113610286
13964      0.052102475012778364
14024      0.18541322937117033
14038      0.03411460448573321
14039      0.10428121187271559
14093      0.14381699079185425
14114      0.021894156496925006
14124      0.013258468575758155
14142      0.0070472072585706196
14144      0.027617517739158656
14201      0.061804409790390105
14209      0.0500874101203186
14247      0.03534885360464668
