249
t_index    tf-idf
9          0.02119114622287354
168        0.02599461112297495
329        0.024603668461165597
463        0.03293050170645841
475        0.023187781303271298
527        0.035172360629807796
544        0.055582335359596884
579        0.07726040047401081
584        0.03414552301308312
588        0.03481747565076655
592        0.041690256360796416
608        0.05547871628522152
696        0.026556171143467523
715        0.0397377536784945
717        0.05277354514047174
782        0.065809336602449
931        0.020482610158521528
947        0.019966218846490837
968        0.022987702779697028
1024       0.042442924823244264
1026       0.02425749430798872
1083       0.024963075361836718
1364       0.011805948850603057
1380       0.01785357980102198
1460       0.053112342286935045
1461       0.05547871628522152
1582       0.11183041099053581
1593       0.03235490363354683
1647       0.026701962216517237
1742       0.0103048929801169
1800       0.025594408775028155
1920       0.01061836653586743
2016       0.020869633337039603
2184       0.04896082055423289
2467       0.041690256360796416
2500       0.11095743257044303
2550       0.010382287127695289
2571       0.11030589841901933
2579       0.03160389226603729
2581       0.01968339043343766
2645       0.6339025434112746
2646       0.04896082055423289
2753       0.027957602747633953
2754       0.05277354514047174
2802       0.016322493291524822
2889       0.038630200237005405
2899       0.03264978426790014
2986       0.04896082055423289
3023       0.065809336602449
3132       0.08198678841922241
3136       0.06475440944654189
3205       0.05067525138512011
3239       0.028837059681661288
3350       0.040993394209611206
3496       0.04806718956311975
3542       0.02071290744492277
3737       0.01785357980102198
3740       0.041690256360796416
3744       0.02269534754776204
3774       0.05205361504814416
3851       0.065809336602449
3858       0.016569314176725056
4001       0.03274268379857952
4015       0.04625564940948312
4143       0.065809336602449
4159       0.07034472125961559
4206       0.030441508722562148
4235       0.01566399080574747
4301       0.03916767999888877
4370       0.025579988031679008
4510       0.05547871628522152
4511       0.012237653190652568
4703       0.02960510563870231
4951       0.04618591736502704
4954       0.04415735565413148
4966       0.19742800980734704
4967       0.04514809596799404
5108       0.020482610158521528
5124       0.008724150900136193
5246       0.030014010750665142
5342       0.014273048143938117
5432       0.024603668461165597
5480       0.038121787997025924
5542       0.07265046288040486
5686       0.020558471680932566
5714       0.03674322629269726
5733       0.024963075361836718
5743       0.024841740312580306
5792       0.04558358572692101
5812       0.038121787997025924
5816       0.04415735565413148
5916       0.02464718609875113
6100       0.028299579919777926
6147       0.01791109273779033
6154       0.01177585815021163
6189       0.00935105276877629
6325       0.014921811285656698
6375       0.055255254564188984
6426       0.15356645265016894
6500       0.03689035926169618
6544       0.01954510359050027
6547       0.03351840162049878
6588       0.012396765884520444
6606       0.033826735336903994
6740       0.03414552301308312
6759       0.015177121154452704
6851       0.018027184778353265
6936       0.1741396226208155
7007       0.01968339043343766
7008       0.04896082055423289
7139       0.019966218846490837
7215       0.05067525138512011
7219       0.028299579919777926
7330       0.033219857947505864
7379       0.05547871628522152
7398       0.007315038059433508
7404       0.07257891202792642
7420       0.065809336602449
7453       0.01703060569631297
7522       0.021109731551105862
7569       0.01080617121182755
7622       0.015307423505233255
7660       0.015351261980195577
7715       0.10622468457387009
7855       0.040237502521131896
7882       0.023707434830720006
7929       0.03632523144020243
7939       0.03554116616779121
8069       0.02599461112297495
8076       0.026131888536911518
8095       0.26271199764168035
8181       0.05929144087146038
8258       0.01642044559232464
8298       0.05277354514047174
8344       0.026271199764168033
8365       0.035172360629807796
8406       0.01566399080574747
8427       0.013484282378628153
8499       0.042442924823244264
8514       0.05589050775850268
8521       0.013851646902763356
8630       0.03593791920510089
8690       0.01703060569631297
8708       0.015528688675054832
8740       0.024486855333539073
8745       0.019142041782033305
8992       0.021439707016645326
9008       0.04036813297105723
9009       0.010356418236969998
9010       0.014893637393088546
9220       0.0397377536784945
9230       0.03448623901188409
9411       0.02730883960591537
9474       0.02980733570921381
9528       0.09116717145384202
9529       0.042442924823244264
9560       0.04321828215073673
9647       0.03447549847862258
9679       0.01400270775537334
9681       0.020407080950462318
9684       0.038121787997025924
9693       0.019966218846490837
9713       0.038121787997025924
9736       0.016822788711105527
9760       0.10680784886606895
9818       0.05067525138512011
9993       0.0397377536784945
10057      0.03674322629269726
10092      0.03582218547558066
10157      0.038630200237005405
10215      0.04482361680600325
10345      0.03916767999888877
10387      0.0400765508249578
10408      0.02425749430798872
10475      0.065809336602449
10523      0.018506439364433806
10540      0.022614117953706287
10555      0.024721950974817167
10593      0.025859308992282313
10599      0.04158188774985349
10651      0.01894680980356775
10668      0.023087209907713683
10785      0.030889371262999232
10847      0.08822140008380103
10857      0.04514809596799404
10949      0.015263788457800673
11017      0.034430532291756966
11127      0.005767209213083502
11156      0.049207336922331195
11332      0.06167625283731525
11339      0.02847534832420909
11555      0.016619465420125656
11593      0.079475507356989
11632      0.010970187041735665
11706      0.04896082055423289
11757      0.015618673436841911
11862      0.029213243278750665
11869      0.021273271948809812
11957      0.02533676701884311
12033      0.11250814722542797
12066      0.020482610158521528
12089      0.012081443164124551
12094      0.022136569167830536
12103      0.02071290744492277
12105      0.041690256360796416
12144      0.01968339043343766
12174      0.02040536360302843
12360      0.023087209907713683
12381      0.01594057944694055
12396      0.065809336602449
12405      0.013130731868594779
12414      0.02204658440604346
12430      0.02715340902833301
12504      0.04625564940948312
12541      0.020184066485528614
12640      0.01751569905057125
12759      0.0052579624192230015
12799      0.02195745259322046
12855      0.022791792863460506
12871      0.007814107689754126
12906      0.022411808403001623
12915      0.012924811176014583
12936      0.03264978426790014
13161      0.02746688258408354
13207      0.008943865004247344
13302      0.028127036806356993
13459      0.05547871628522152
13504      0.02328943997822518
13758      0.03447549847862258
13762      0.0674972558718345
13765      0.026556171143467523
13784      0.005752671099837692
13799      0.02259988138923092
13824      0.0127565895904862
13915      0.10622468457387009
13957      0.03592502909225564
13982      0.01594057944694055
14021      0.030014010750665142
14037      0.1675920081024939
14039      0.018506439364433806
14072      0.022319163950672658
14079      0.05929144087146038
14112      0.02328943997822518
14142      0.015007732819045773
14168      0.029213243278750665
14174      0.05430681805666602
14207      0.03554116616779121
14209      0.007619010736178159
14291      0.11095743257044303
