369
t_index    tf-idf
12         0.031200833169057963
52         0.06497003960825261
77         0.017971890483672582
187        0.016211028033350332
374        0.05477117048360758
381        0.06497003960825261
397        0.04270939286860591
470        0.05477117048360758
541        0.08914460271792514
544        0.027436734027932775
555        0.041158561184133725
736        0.02203451730045739
891        0.022892056773065432
898        0.030053274042063954
981        0.02636141970713363
983        0.0346941655200297
995        0.059679705803132505
1036       0.029032090549528263
1079       0.0309284413310693
1089       0.028112188999240076
1105       0.05187693964868951
1107       0.03437343223431754
1116       0.14071606926812905
1228       0.019570919967034875
1250       0.030959692059488706
1319       0.016659108015070978
1342       0.04566572965769312
1386       0.013241444996006935
1418       0.04566572965769312
1431       0.027275279336776086
1455       0.04566572965769312
1468       0.028840673237166763
1506       0.06497003960825261
1550       0.04877927988055615
1557       0.03352337636610064
1643       0.07101388905487423
1679       0.013528214075104643
1689       0.06497003960825261
1691       0.05853526962473277
1712       0.017513357248146264
1714       0.06497003960825261
1799       0.05477117048360758
1814       0.04270939286860591
1934       0.03824030286077733
1962       0.012270402366477943
2046       0.02476606318553814
2117       0.021418330272248615
2176       0.026656155914190627
2180       0.12456493760906212
2199       0.06497003960825261
2207       0.013528214075104643
2349       0.043594196415860195
2350       0.05853526962473277
2489       0.023196458166570153
2564       0.014247044723417812
2577       0.036706487298064666
2624       0.06497003960825261
2649       0.04833640050008775
2656       0.04997732404521294
2812       0.04690535642270968
2857       0.04791339981038132
2958       0.06099084956757934
2962       0.13484019728118365
3031       0.036706487298064666
3045       0.031964283213837104
3066       0.06497003960825261
3103       0.13567626740693853
3169       0.02108375673866994
3235       0.03845663961331969
3243       0.04833640050008775
3309       0.06497003960825261
3320       0.031200833169057963
3429       0.027938662250797712
3512       0.03715942643234037
3527       0.0782836798681395
3559       0.021854251233574238
3661       0.018209939699543157
3685       0.052100499641212945
3716       0.040662120386866424
3725       0.052100499641212945
3728       0.06497003960825261
3776       0.17903911740939749
3779       0.029032090549528263
3789       0.06497003960825261
3907       0.024289886465300704
3931       0.014608000327670501
3945       0.0221259802151143
4000       0.0597799491708414
4007       0.023836947331025003
4014       0.05002896639938003
4052       0.04270939286860591
4061       0.035466860533048095
4229       0.04283666054449723
4277       0.021166276488630367
4370       0.025253754579482666
4395       0.03813753137544273
4404       0.04690535642270968
4471       0.01650733225168451
4515       0.06054343462908967
4554       0.09381071284541936
4609       0.03813753137544273
4618       0.12994007921650522
4649       0.02636141970713363
4756       0.011685184416207825
4764       0.022992418947785035
4837       0.01640750966897555
4856       0.029629532704784477
4861       0.04566572965769312
4928       0.020920885705952113
4951       0.10639273618946926
5089       0.06497003960825261
5115       0.052100499641212945
5124       0.017225775514325064
5172       0.05477117048360758
5202       0.032510523743960885
5217       0.03170276139192291
5233       0.029839852901566252
5258       0.015069122283758053
5263       0.02711658469045747
5342       0.014091017340655685
5369       0.04690535642270968
5431       0.09041473370254832
5432       0.024289886465300704
5440       0.024644709683062985
5465       0.024644709683062985
5625       0.02650761817341964
5632       0.012561037221250652
5657       0.017457600859854056
5664       0.05002896639938003
5804       0.13118475876261385
5908       0.09753157123188265
5916       0.0034761213003241744
5965       0.1144125941263282
6007       0.018768976111423336
6010       0.05477117048360758
6015       0.06693496385794759
6019       0.02440666046719241
6113       0.023727083199749664
6114       0.023948127231666092
6123       0.034035816455670026
6150       0.039830097274735
6154       0.011625675169196928
6178       0.07966019454947
6189       0.01846358891098887
6277       0.019028668870038446
6282       0.019363846458062755
6292       0.046148482000611016
6294       0.0966728010001755
6330       0.05477117048360758
6334       0.05477117048360758
6340       0.02340508291804642
6356       0.02648288999201387
6391       0.040470586439189854
6476       0.03627462288508608
6588       0.012238664179172949
6679       0.017913319874595053
6718       0.025267991408403075
6755       0.03627462288508608
6796       0.012693187648420411
6844       0.032233386425102414
6851       0.03559455145856354
7007       0.05829707707633488
7013       0.033090925897710455
7018       0.04190163051656792
7029       0.05477117048360758
7139       0.019711580396561477
7140       0.04270939286860591
7188       0.00865586658737479
7193       0.020920885705952113
7201       0.03866815640862224
7219       0.08381598675239313
7228       0.013824124728458918
7337       0.03923095967417329
7398       0.014443491972219157
7483       0.031448405460557084
7550       0.02963122815008998
7555       0.03928196755384245
7569       0.010668355098110321
7587       0.05427045627734714
7600       0.1525501255017709
7622       0.04533660249957413
7638       0.022218353223467782
7660       0.04546644064724639
7682       0.014941073208872582
7698       0.12994007921650522
7711       0.041158561184133725
7721       0.057681346474333525
7816       0.05853526962473277
7822       0.06497003960825261
7855       0.013241444996006935
7893       0.04190163051656792
7897       0.010722016581307092
7905       0.039830097274735
8009       0.03813753137544273
8069       0.02566308979017967
8078       0.022992418947785035
8106       0.0640744754024645
8115       0.015026242712167532
8144       0.11600446922586673
8213       0.01712991705042658
8243       0.012626877289741333
8301       0.022992418947785035
8372       0.03437343223431754
8396       0.0213335496762135
8427       0.013312311071005872
8458       0.05768495941997953
8480       0.05272283941426726
8503       0.015286542308980305
8670       0.04300778453455576
8675       0.07243057861216141
8690       0.03362681296504089
8745       0.018897914444487032
8803       0.03194226654025421
8843       0.04833640050008775
8905       0.04834912621934504
8946       0.04566572965769312
8992       0.021166276488630367
9009       0.020448676063102297
9010       0.014703691927262272
9084       0.02870370749032531
9100       0.06497003960825261
9103       0.02128328045722247
9109       0.028653123206987614
9119       0.05339182718784532
9188       0.041158561184133725
9309       0.03813753137544273
9435       0.03818948649359489
9454       0.07431885286468073
9463       0.035087893190507445
9523       0.02014681998163486
9591       0.04833640050008775
9625       0.05002896639938003
9681       0.04029363996326972
9693       0.019711580396561477
9826       0.041158561184133725
9853       0.011333719952947435
9878       0.032233386425102414
9943       0.027275279336776086
9986       0.022311654619315863
9989       0.033090925897710455
10043      0.04190163051656792
10062      0.02351118019565089
10069      0.039830097274735
10094      0.03437343223431754
10103      0.08029139275959925
10181      0.015198962312781323
10284      0.030959692059488706
10295      0.033090925897710455
10342      0.017457600859854056
10357      0.04353082817838417
10387      0.01978271799174132
10546      0.027938662250797712
10607      0.024644709683062985
10611      0.04200392808882589
10636      0.05730624641397523
10637      0.017023210004964522
10657      0.06497003960825261
10680      0.014286464785810886
10683      0.05853526962473277
10695      0.028469287283977223
10731      0.028840673237166763
10742      0.12994007921650522
10755      0.015783583239947954
10880      0.04833640050008775
10900      0.04566572965769312
10943      0.015971133270127107
10988      0.06497003960825261
11012      0.0908151519436345
11017      0.06798284748688456
11019      0.03923095967417329
11020      0.11089428540499856
11119      0.12968075484070418
11125      0.04481180650729387
11165      0.06497003960825261
11264      0.018030832972123826
11273      0.011596062988603996
11280      0.019363846458062755
11282      0.019570919967034875
11318      0.040470586439189854
11337      0.020072848189899812
11347      0.027601046472150198
11386      0.014405739369736428
11407      0.05514646378860386
11482      0.041158561184133725
11504      0.11280027474573247
11508      0.24695136710480237
11548      0.03813753137544273
11552      0.033710049320295914
11616      0.04566572965769312
11692      0.05002896639938003
11696      0.03813753137544273
11718      0.0951082841757687
11776      0.0347237912006139
11869      0.08400785617765177
11910      0.05853526962473277
11932      0.020525787324175516
11937      0.02124953633591207
11938      0.036706487298064666
11957      0.02501363547703726
12043      0.025936150968140833
12094      0.043708502467148476
12103      0.02044874612895921
12127      0.034035816455670026
12128      0.06497003960825261
12137      0.06497003960825261
12144      0.01943235902544496
12174      0.02014512453632936
12210      0.02440666046719241
12354      0.03813753137544273
12362      0.03970880983483787
12405      0.0259265391092303
12414      0.021765414089192085
12433      0.022218353223467782
12540      0.010857543232710005
12589      0.04190163051656792
12681      0.039830097274735
12752      0.06497003960825261
12759      0.010381810371354194
12760      0.039830097274735
12769      0.014608000327670501
12788      0.15630149892363884
12807      0.034966146326787656
12830      0.04833640050008775
12832      0.03866815640862224
12871      0.015428901499900066
12902      0.011537120500152754
12906      0.0221259802151143
12915      0.025519950128280254
12945      0.017457600859854056
12954      0.03049542478378967
12998      0.025267991408403075
13003      0.029032090549528263
13007      0.027938662250797712
13171      0.018231575473064095
13237      0.05477117048360758
13430      0.06497003960825261
13515      0.01177516971602333
13519      0.014567194060893116
13602      0.05853526962473277
13623      0.035466860533048095
13638      0.03049542478378967
13744      0.031964283213837104
13768      0.05002896639938003
13777      0.031964283213837104
13784      0.02461032000711255
13787      0.052100499641212945
13799      0.08924661847726345
13802      0.033090925897710455
13808      0.025936150968140833
13838      0.040470586439189854
13844      0.021418330272248615
13859      0.12994007921650522
13870      0.04216751347733988
13883      0.011988590856521035
13914      0.03969291217649592
13949      0.05477117048360758
13957      0.035466860533048095
13982      0.03147456368699162
13983      0.022892056773065432
13992      0.05002896639938003
14023      0.020221385930670795
14064      0.024889024065862422
14092      0.021677419015720244
14114      0.011507789004205297
14142      0.014816332241331106
14145      0.022218353223467782
14216      0.014091017340655685
14225      0.017569450535088304
14268      0.19491011882475784
