249
t_index    tf-idf
77         0.022305800000906508
143        0.04502222422945059
187        0.020120306733980707
319        0.027014129317753315
545        0.02792724843255956
877        0.053008734743446265
888        0.08104238795325995
951        0.041070780816838764
974        0.0255719871793991
983        0.08612128122984036
1004       0.03813388705359523
1047       0.07304707220277255
1073       0.17833921375531744
1084       0.071591165070162
1198       0.21203493897378506
1266       0.02872435635553647
1269       0.02972320229255291
1358       0.03652353610138628
1364       0.014466069804515706
1380       0.021876355295989858
1447       0.020000283782940165
1450       0.019822561507089664
1480       0.03152250170980337
1481       0.03703571371545493
1550       0.0201807903327779
1594       0.053008734743446265
1607       0.030738382961342084
1643       0.0881388414860233
1679       0.03358106792414283
1742       0.012626795445655372
1910       0.044510046615381944
1920       0.013010900984036157
1962       0.015229401790866896
2065       0.058361771534932425
2082       0.055320882385545334
2180       0.07730184501061299
2207       0.05037160188621425
2248       0.03872489347533775
2357       0.049826804540038225
2460       0.08070083013429577
2564       0.01768271014633887
2656       0.041352881814549755
2802       0.04000056756588033
2857       0.019822561507089664
2942       0.05410690808158657
2975       0.02036416978623382
3103       0.04592577536162722
3149       0.04964463601647133
3154       0.02986286580998553
3196       0.027124389480814085
3305       0.04733437187154966
3334       0.017979432958826428
3366       0.030587765141915715
3428       0.023730963316339
3443       0.053008734743446265
3446       0.03395628800227703
3457       0.06054237099833369
3590       0.055320882385545334
3617       0.04555823246031317
3653       0.07265101122414643
3688       0.06209341859558224
3704       0.04266256270924695
3779       0.036033160005861035
3805       0.025379947748750437
3935       0.05783801721179143
4044       0.03813388705359523
4045       0.027461645726738194
4087       0.03903216766137636
4095       0.03089099577672401
4130       0.0418392054437646
4136       0.08070083013429577
4171       0.08619482101761085
4315       0.033271625635949424
4321       0.035334637104631264
4406       0.05667799019615508
4424       0.03813388705359523
4471       0.02048806451881651
4560       0.025669220660334537
4588       0.04671140398933342
4594       0.05410690808158657
4707       0.06209341859558224
4714       0.031045657147380695
4725       0.035795582535081
4776       0.07365992209873672
4824       0.03784937632398119
4856       0.018387337471082312
4887       0.047992956780929644
4946       0.08289717681057637
4986       0.030738382961342084
4999       0.36635327046473576
5054       0.047992956780929644
5124       0.010689879949806158
5246       0.03677677924298548
5258       0.01870303116725994
5282       0.012658319676298381
5313       0.028167300846773567
5314       0.0375717219463175
5431       0.03740606233451988
5561       0.029049203201459258
5605       0.06209341859558224
5687       0.04671140398933342
5870       0.04733437187154966
5916       0.01725754262176589
5926       0.14530202244829285
6090       0.01936161607663993
6189       0.0057290177947839326
6292       0.02863857897382168
6361       0.030380019921321475
6370       0.02509775978884743
6462       0.04354931545302239
6467       0.08214156163367753
6468       0.044510046615381944
6469       0.02804664949186537
6588       0.015190009960660738
6599       0.08063752173814209
6704       0.02509775978884743
6772       0.07642670213189057
6796       0.17329555610666203
6804       0.047898027757798535
7007       0.024118459566687095
7153       0.03842560134650271
7188       0.010743223096530677
7328       0.058361771534932425
7398       0.008963265259704124
7404       0.02223310512814387
7453       0.02086794834821444
7462       0.06731146234866041
7522       0.02586618441577326
7547       0.04671140398933342
7593       0.02972320229255291
7707       0.024377394039156543
7800       0.015190009960660738
7881       0.058425405638227575
7897       0.02661524759304743
8115       0.037299622430616436
8243       0.01567184040637457
8259       0.04943509891928386
8288       0.08557905854694663
8427       0.016522566091167833
8521       0.016972705331739852
8582       0.03385269492976893
8621       0.05999269154784804
8630       0.0220177325189529
8657       0.013784938754305108
8661       0.04733437187154966
8690       0.02086794834821444
8749       0.01157450409591943
8972       0.07355355848597096
8979       0.033271625635949424
8980       0.05200618103385238
8992       0.026270510080628872
8994       0.03089099577672401
9009       0.012689930393279208
9010       0.06387317132599263
9075       0.024822318008235665
9084       0.01425023503554937
9088       0.18628025578674673
9106       0.08063752173814209
9107       0.08063752173814209
9147       0.02446501498698427
9173       0.029585211432321828
9230       0.042256691702983684
9312       0.05410690808158657
9411       0.033462077891292526
9516       0.03730060122298966
9617       0.0440196705198567
9621       0.041448588405288186
9629       0.040006446266933976
9679       0.01715780327399242
9688       0.0418392054437646
9793       0.021394764636736657
9811       0.0955551808172507
9892       0.03446463160088641
9915       0.024731948140172412
9923       0.11804358407266197
9925       0.05108392102280109
9945       0.041070780816838764
9957       0.10306912668081732
9984       0.04070496916816375
9989       0.041070780816838764
10015      0.15868979597620678
10075      0.041448588405288186
10181      0.07545672813401996
10385      0.06466450071015076
10441      0.04266256270924695
10471      0.025285115121953753
10486      0.022601254627920047
10517      0.03089099577672401
10523      0.022676317428332884
10540      0.013854769871764969
10543      0.03842560134650271
10567      0.05200618103385238
10625      0.09887019783856772
10651      0.023215912304862564
10678      0.04354931545302239
10680      0.017731636330735663
11017      0.05156364048386984
11020      0.017204546133687146
11026      0.06466450071015076
11110      0.07265101122414643
11115      0.05783801721179143
11124      0.06466450071015076
11127      0.007066679019996806
11250      0.0220177325189529
11273      0.014392445917512486
11280      0.02403342523894264
11337      0.049826804540038225
11407      0.017111249274851758
11504      0.06000085134882049
11598      0.048580868775605746
11757      0.019137878966818418
11844      0.04943509891928386
11876      0.05657845791859969
11912      0.05667799019615508
11913      0.0418392054437646
12094      0.05424877896162817
12131      0.05667799019615508
12319      0.04354931545302239
12362      0.024642281546691278
12440      0.023535991195807703
12445      0.05108392102280109
12580      0.03903216766137636
12616      0.0440196705198567
12617      0.04943509891928386
12700      0.04354931545302239
12799      0.026904914290446582
12831      0.031685938480056026
12915      0.04751110386342078
12963      0.05023004162261588
13171      0.0075427026179773855
13207      0.14246830156908377
13384      0.03872489347533775
13519      0.0180800632850437
13620      0.03184105691665312
13638      0.07569875264796239
13784      0.018796973795894734
13825      0.020120306733980707
13860      0.01897288188792873
13879      0.2179530336724393
13982      0.01953231696341724
14018      0.055320882385545334
14064      0.06178199155344802
14066      0.04671140398933342
14142      0.05516784291931291
14165      0.03730060122298966
14216      0.05246717058990355
14217      0.3462472739624138
14225      0.02180631192458803
14236      0.02879026872898981
