392
t_index    tf-idf
9          0.01960878359611475
46         0.0392736720936235
153        0.06089529214084725
313        0.02924400019337963
314        0.027211275322179273
332        0.02444035208550431
475        0.021456328075311958
476        0.01999556638363635
545        0.0210899084611416
646        0.02971444881784398
664        0.033999575361283826
868        0.029476045411571294
887        0.030739300212236684
895        0.043963577666784395
919        0.03190118089534017
931        0.018953154579647254
939        0.0351836720550353
967        0.018213613335861207
968        0.021271189601454268
997        0.08355369117857642
998        0.078435134384459
1026       0.06733849384077857
1071       0.038917519069547324
1076       0.033242473707901385
1079       0.014494346022203189
1085       0.03733205988742024
1105       0.032415570975258975
1116       0.043963577666784395
1118       0.06089529214084725
1266       0.02892248396072789
1364       0.010924387653386845
1380       0.0495613091031845
1385       0.024845131115225356
1386       0.012410976909676677
1431       0.025564646619443018
1447       0.015103677514011506
1460       0.049146394217370444
1505       0.048832895369403016
1513       0.027772836611640726
1540       0.06089529214084725
1582       0.18108987756732642
1593       0.029938932842554646
1650       0.051129293238886035
1651       0.03733205988742024
1681       0.06089529214084725
1742       0.009535417022894475
1785       0.03482888639175554
1800       0.02368325043212187
1874       0.07466411977484048
1919       0.020483610929166365
1920       0.009825483216255072
1924       0.01960878359611475
1934       0.00896049328391406
1947       0.017011542373444
1962       0.023001670963965548
2044       0.02685607579983017
2273       0.04003077374700594
2357       0.03762786545900649
2389       0.019533448233720906
2483       0.4200132961399887
2489       0.021741638225918614
2518       0.031015551351091474
2550       0.019214064154770245
2570       0.027031863192721547
2571       0.017011542373444
2581       0.036427226671722414
2605       0.01678984426596149
2637       0.048832895369403016
2645       0.02444035208550431
2667       0.01631075923383854
2772       0.022341957619560652
2777       0.026026764769358463
2798       0.0385772060863327
2799       0.043963577666784395
2812       0.08792715533356879
2840       0.031015551351091474
2857       0.014969466421277323
2883       0.02858283313917239
2889       0.03574564720356609
2902       0.048832895369403016
2918       0.028168412911787157
2939       0.014043831381260828
2940       0.023563232253427
2945       0.025125838684396107
2962       0.03159584500516513
2972       0.06089529214084725
2975       0.015378474457157778
3005       0.012150247889468257
3020       0.012782734343781132
3036       0.07466411977484048
3051       0.06089529214084725
3058       0.04280169698368091
3130       0.0385772060863327
3162       0.021838859125635993
3163       0.02287593986849537
3185       0.04086008477747766
3211       0.0367704985979588
3235       0.018022370912260596
3241       0.024180596079554854
3246       0.05053932623195204
3263       0.039677568247791895
3265       0.028373156005282764
3292       0.07055039715820349
3294       0.06089529214084725
3295       0.0369506453757476
3296       0.03190118089534017
3318       0.048832895369403016
3319       0.06089529214084725
3326       0.03288727418555228
3329       0.02796837697556172
3345       0.016207785487629488
3401       0.06648494741580277
3428       0.00896049328391406
3446       0.0085476257758028
3456       0.024984352965369366
3496       0.0222389838733516
3505       0.027031863192721547
3515       0.05486409375512513
3542       0.05749876605949393
3605       0.026514809314888477
3621       0.0395228795847857
3669       0.03574564720356609
3737       0.016520436367728167
3744       0.042001329613998876
3750       0.043107441082905866
3772       0.020567680955169768
3774       0.016055574375880583
3802       0.035425375384982805
3806       0.03424909259888008
3836       0.03733205988742024
3858       0.030664136107629626
3882       0.031420879680393
3914       0.030211794465276963
3957       0.0210899084611416
3990       0.02971444881784398
4000       0.01867690344079246
4008       0.03440435439100488
4045       0.020738297794278188
4370       0.011834953249555333
4403       0.015332068053814813
4439       0.044892329227185716
4463       0.029476045411571294
4469       0.023212801807657522
4575       0.06089529214084725
4580       0.02739446482525904
4600       0.030471550471226426
4614       0.02796837697556172
4628       0.046891283163199765
4637       0.018149397693832742
4670       0.08560339396736182
4671       0.12009232124101783
4672       0.051336068865067724
4676       0.18268587642254175
4683       0.03482888639175554
4776       0.01854199872296311
4813       0.07141484172327418
4837       0.015378474457157778
4910       0.015758914505969383
4932       0.027772836611640726
4935       0.0367704985979588
4951       0.014245723965311876
4994       0.03793237928106228
5009       0.035275198579101746
5013       0.03604474182452119
5018       0.01938470649203459
5079       0.023212801807657522
5095       0.014204968949343623
5121       0.030739300212236684
5124       0.008072710426393492
5172       0.10267213773013545
5234       0.05486409375512513
5249       0.0367704985979588
5258       0.01412402715634235
5265       0.06089529214084725
5282       0.00955922327577952
5316       0.024494216072535494
5338       0.01342756114905155
5431       0.042372081469027045
5594       0.02777124750013933
5648       0.05486409375512513
5714       0.1019987260838515
5733       0.06929717781882928
5743       0.09194713769932428
5863       0.046891283163199765
5876       0.04003077374700594
5916       0.013032433003065278
5965       0.03574564720356609
6090       0.043864118411326
6108       0.02368325043212187
6189       0.0735488080629325
6325       0.013807585738173834
6361       0.011471087829070569
6366       0.04003077374700594
6370       0.018953154579647254
6399       0.02526966311597602
6500       0.01706786088722098
6519       0.046891283163199765
6560       0.05083180975551341
6588       0.011471087829070569
6608       0.03254600770061059
6638       0.06380236179068034
6677       0.042912656150623917
6714       0.0367704985979588
6734       0.13591461143803682
6739       0.027031863192721547
6851       0.01668107809969938
6906       0.02586998250961806
6936       0.02685607579983017
6963       0.07055039715820349
7007       0.036427226671722414
7087       0.08295319117711275
7188       0.008112993739093133
7228       0.025914225049174403
7398       0.006768817354011177
7408       0.015103677514011506
7429       0.03876941298406918
7453       0.015758914505969383
7455       0.011265654138328543
7474       0.01931127837693623
7522       0.019533448233720906
7529       0.021363266439536923
7542       0.04280169698368091
7606       0.03190118089534017
7660       0.014204968949343623
7706       0.017296852524050655
7707       0.0184091536997822
7800       0.022942175658141137
7852       0.014881128809724791
7855       0.024821953819353353
7881       0.014707099408556076
7891       0.032217622313508686
8088       0.016156752027542704
8095       0.024309504807711973
8208       0.051336068865067724
8273       0.02971444881784398
8344       0.048619009615423946
8365       0.03254600770061059
8378       0.03159584500516513
8408       0.01999556638363635
8427       0.012477398453606093
8448       0.09378256632639953
8458       0.018022370912260596
8583       0.03804721972678574
8630       0.03325440130401411
8657       0.020820031531054276
8708       0.014369147027635287
8749       0.03496301935445301
8759       0.009924361325767326
8770       0.013390455847611556
8835       0.03624299285099908
8838       0.051336068865067724
8847       0.03624299285099908
8886       0.04086008477747766
8994       0.023328050909772767
9008       0.01867690344079246
9009       0.009583094840825628
9010       0.013781515616406056
9084       0.010761395028774223
9118       0.06089529214084725
9133       0.02901798281055318
9275       0.046891283163199765
9327       0.031015551351091474
9463       0.03288727418555228
9511       0.10582559573730523
9523       0.018883265207904804
9524       0.007121854823919861
9559       0.04086008477747766
9560       0.05998669915090906
9563       0.04086008477747766
9623       0.02526966311597602
9673       0.01412402715634235
9679       0.012957112524587202
9684       0.035275198579101746
9753       0.027230997817460575
9764       0.2566803443253386
9783       0.02470810182651457
9808       0.019916822135791778
9811       0.02405356929798271
9853       0.01062289928925358
9925       0.0385772060863327
9927       0.006039148299479072
9929       0.13931554556702216
9930       0.013964367997914241
9966       0.02879768800603343
10028      0.020567680955169768
10047      0.05486409375512513
10050      0.032217622313508686
10055      0.030471550471226426
10057      0.033999575361283826
10062      0.04407324345877122
10085      0.04530487047934561
10115      0.027211275322179273
10132      0.02971444881784398
10134      0.02444035208550431
10199      0.024984352965369366
10361      0.02082487741410806
10408      0.044892329227185716
10441      0.032217622313508686
10448      0.06203110270218295
10477      0.01976143979239285
10521      0.04530487047934561
10540      0.02092550070239238
10561      0.03624299285099908
10599      0.09619232365126955
10607      0.023099059272943093
10622      0.022341957619560652
10686      0.03793237928106228
10695      0.02668376957521956
10731      0.027031863192721547
10755      0.029587358056771894
10761      0.051336068865067724
10943      0.014969466421277323
11017      0.08849881215425318
11168      0.05237284785557315
11231      0.017712687692491402
11236      0.02470810182651457
11250      0.016627200652007054
11264      0.06759994902270815
11276      0.030479982431464304
11278      0.021550395802318004
11298      0.03574564720356609
11331      0.05083180975551341
11332      0.07609443945357149
11337      0.03762786545900649
11377      0.015378474457157778
11380      0.029328261062204566
11407      0.01292195619392514
11590      0.09766579073880603
11598      0.05503045231511669
11632      0.010151032957250176
11660      0.017355054613979966
11747      0.05486409375512513
11774      0.05486409375512513
11775      0.06089529214084725
11902      0.021456328075311958
11946      0.02796837697556172
11956      0.025715975303322227
11982      0.023212801807657522
12089      0.02235862109982213
12165      0.048832895369403016
12174      0.009440838048201707
12268      0.043963577666784395
12319      0.03288727418555228
12331      0.03624299285099908
12360      0.042726532879073846
12405      0.024300495778936514
12414      0.0204003454133574
12415      0.06089529214084725
12476      0.04003077374700594
12514      0.02255163475345028
12551      0.016955586039108957
12600      0.02879768800603343
12639      0.02368325043212187
12678      0.019916822135791778
12698      0.028373156005282764
12708      0.042542379202908535
12759      0.009730690935798474
12788      0.14649868610820907
12845      0.02800801795529496
12871      0.007230620990181972
12915      0.011959703486805945
12929      0.04177684558928821
13063      0.010596002266284942
13080      0.06089529214084725
13171      0.00569604657425883
13187      0.04086008477747766
13402      0.043963577666784395
13647      0.021741638225918614
13667      0.050251677368792214
13705      0.025125838684396107
13784      0.015969341371621835
13844      0.06022508930094882
13860      0.014327811177916159
13865      0.020912327195446903
13870      0.01976143979239285
13883      0.01123669843772431
13914      0.009300869668092699
13953      0.01678984426596149
13982      0.014750281531932453
13995      0.01636270673142831
13999      0.2566803443253386
14021      0.027772836611640726
14055      0.078547344187247
14067      0.046891283163199765
14089      0.06089529214084725
14093      0.017712687692491402
14096      0.028168412911787157
14112      0.021550395802318004
14114      0.02157210238847686
14142      0.034717728576584825
14209      0.021150276323552316
14236      0.021741638225918614
